0	2
0	8
0	34
0	45
0	359
0	381
0	485
0	790
0	860
0	1250
0	1260
0	1319
0	1403
0	1428
0	1875
0	1979
0	2512
0	2559
0	2680
0	3135
0	3169
0	3209
0	3500
0	5023
0	5548
0	6576
0	6740
0	9072
1	22
1	431
1	1673
1	4107
2	318
2	645
2	797
2	1957
2	2227
2	2579
2	2699
2	2815
2	2894
2	4571
2	6884
3	169
3	470
3	684
3	1117
3	1253
3	2500
3	2969
3	4193
3	6369
3	6660
4	1854
4	2052
5	6
5	42
5	221
5	2561
5	3135
5	3831
5	5042
5	7512
6	1346
6	1427
6	2852
6	3458
6	4028
6	4064
6	5099
6	6253
6	6487
6	6582
6	7852
6	8154
7	1
7	80
7	763
7	3912
7	5948
7	8157
8	40
8	647
8	659
8	1082
8	1593
8	2825
8	4851
8	5029
9	0
9	784
9	1250
10	489
10	832
10	1954
10	2162
10	3701
10	5020
10	5024
10	5091
10	5786
10	8366
11	39
11	61
11	874
11	2520
11	2522
11	2703
11	2852
11	3220
11	3654
11	4700
11	5937
11	6411
11	6601
11	6719
13	108
13	5158
13	6566
14	2502
14	2597
14	3203
14	3776
14	4425
15	7343
16	6563
16	8859
17	295
17	469
17	1196
17	5767
18	2188
19	6047
20	5
20	79
20	188
20	509
20	640
20	711
20	783
20	938
20	1262
20	2939
20	5470
20	5968
20	6350
20	6578
20	7334
20	7504
20	8124
21	988
21	2683
21	8139
22	26
22	92
22	669
22	872
22	880
22	1485
22	2836
22	2969
22	3282
22	5415
22	6125
22	7515
23	41
23	78
23	4104
23	5039
25	2607
25	5764
25	7588
26	1582
27	4480
27	5811
27	6903
28	14
28	406
30	686
30	1917
30	2622
30	3776
30	5351
30	8998
31	821
31	1469
31	1736
32	550
32	9083
33	606
33	8408
34	2349
34	5718
34	9853
35	225
36	3008
37	7597
39	333
39	706
39	2544
39	3697
39	3771
39	5802
39	6723
39	7940
39	8865
40	59
40	3381
40	3448
40	7500
41	128
41	341
41	708
41	1331
41	1408
41	1572
41	2678
41	4894
41	5121
41	5801
42	1
42	99
42	926
42	935
42	2034
42	5323
42	7031
43	5351
43	7766
44	315
44	319
44	1258
44	2330
44	3030
44	5239
44	6064
44	6750
44	9012
45	179
45	215
45	3444
45	4613
45	8614
46	5058
49	1290
49	5473
49	6134
50	80
50	655
50	757
50	1265
50	1371
50	5224
50	5406
50	5844
50	5982
50	6753
52	6646
53	826
53	3385
53	9269
54	4219
55	8167
56	202
59	479
59	2815
59	3468
59	5001
59	6582
60	103
60	357
60	5218
60	8603
61	493
61	6099
63	1723
64	332
64	1253
64	5010
64	6923
65	489
65	1060
65	8157
69	2202
69	6679
70	7050
70	8159
71	1035
72	4433
75	1304
78	11
78	816
78	1102
78	1281
78	2501
78	6195
78	8312
78	9114
79	23
79	117
79	218
79	1505
79	2777
79	7578
80	333
80	2991
80	5469
81	839
81	5166
81	7661
81	9846
83	2
83	646
83	5594
83	5792
83	6054
84	313
84	1266
84	5137
85	938
85	5650
85	6079
86	105
86	5342
86	6877
88	359
88	379
88	1426
88	4083
88	6321
88	6338
89	716
89	730
89	1355
89	1875
89	1878
89	1885
89	3154
89	5000
90	374
90	1877
91	625
91	1870
92	1348
93	950
93	1897
93	2520
94	5044
94	7510
94	7578
95	159
96	4409
97	5119
98	2
98	325
98	490
98	1292
98	6350
98	7583
98	8373
98	9752
99	8
99	10
99	235
99	1613
99	2252
99	5749
99	5769
99	6572
100	4543
100	6250
102	1343
102	5012
103	452
104	645
104	1255
104	2864
105	6746
106	204
106	5000
107	160
108	1314
108	2505
108	2520
109	1360
110	1292
111	5171
113	724
113	1382
113	7034
113	8923
116	1254
117	2856
117	5097
117	5912
118	1382
119	6
119	3878
119	4014
119	8337
120	2942
121	10
121	479
121	2364
121	3760
121	4380
122	860
123	684
123	1976
123	8323
124	2833
125	664
125	1817
125	3601
126	7531
127	1099
127	1292
128	6325
129	13
130	1890
132	4104
132	8456
133	635
133	5036
134	313
135	60
135	4459
136	171
137	49
137	347
138	4629
139	315
139	2609
139	9409
141	42
141	442
141	3126
143	6260
143	7871
147	2227
147	5284
147	8007
148	6938
150	2986
152	59
152	166
157	22
157	40
157	171
157	626
157	1113
157	1445
157	2642
157	2657
157	3203
157	5027
157	5367
157	7854
157	8618
157	9540
158	13
158	206
158	1143
158	3760
158	4454
158	4576
158	5332
158	6075
158	6906
159	255
159	520
159	713
159	1255
159	1564
159	3245
160	5156
161	1604
161	2543
161	3439
161	5647
161	7522
162	238
162	762
162	4083
162	5000
162	6430
162	9260
163	7836
164	1407
165	1607
166	50
166	330
166	396
166	2363
166	5020
167	806
167	2795
167	7515
167	7863
168	498
168	1835
168	3130
169	1
169	3290
170	3224
171	2
171	1265
171	1354
171	5041
172	71
174	8625
176	2754
177	789
177	1607
177	9780
179	18
179	1637
179	2819
180	967
180	1272
181	6422
181	7695
182	393
182	703
182	977
183	1968
183	3445
186	5241
186	7132
187	1275
188	2
188	1051
189	196
191	5254
192	476
193	630
193	9413
195	118
196	35
196	99
196	1214
196	2820
196	2973
196	3503
196	7461
196	9074
197	327
197	1212
197	9114
198	2656
198	8535
199	4314
200	652
200	1261
200	2705
200	7805
201	4065
202	1252
203	30
203	4326
204	7960
205	376
205	596
205	6660
206	476
207	4698
209	7656
210	6771
211	1504
211	3155
211	3768
211	7799
213	475
213	3340
213	6291
215	745
215	2540
216	63
216	196
216	313
219	1666
226	8218
232	2595
235	2640
235	2837
236	1427
236	2556
236	2998
237	724
237	1900
237	5039
238	54
238	2911
238	4163
238	5060
239	672
239	5028
240	878
240	3126
240	6250
240	9074
242	20
244	349
245	158
245	5630
246	235
247	274
247	3481
247	5079
249	329
250	990
250	2363
252	8195
252	8225
253	1265
254	570
254	691
254	2164
254	2229
254	8115
254	9847
255	1906
255	2277
255	5321
255	8539
256	648
256	5352
257	2193
257	4590
259	39
259	1289
262	7635
263	160
264	3282
266	7695
268	3154
269	221
274	2501
274	2510
274	5460
274	5772
275	22
276	4
276	5195
276	8040
277	4116
277	5060
279	3752
283	96
283	2686
283	6372
287	406
288	3140
288	3256
288	6413
288	7226
290	1563
293	1431
294	1613
296	2054
298	1456
304	2539
307	2073
308	2847
308	7755
313	30
313	33
313	146
313	176
313	1251
313	1256
313	1414
313	2102
313	2504
313	2564
313	2581
313	2971
313	3440
313	4702
313	5863
313	8997
314	3594
315	163
315	2826
315	3828
315	5644
315	6457
315	8602
316	17
316	634
316	1736
316	2071
316	2891
316	3068
316	5938
318	2892
318	5109
318	5446
318	9070
319	4454
320	5313
321	5913
322	59
323	0
323	808
323	5704
323	8150
325	0
326	1587
327	255
327	1218
327	2760
327	2825
327	9365
332	1487
332	1574
332	3330
332	3985
332	5217
332	6328
332	7529
333	1724
333	3753
333	8448
334	465
334	625
334	957
334	1422
334	2892
334	6721
335	1881
335	1995
336	2
337	49
337	167
337	753
337	5040
338	324
338	4001
340	5318
340	6261
343	5119
345	1876
346	3165
348	17
349	3837
349	4083
349	4499
352	1299
352	1412
352	1721
352	6565
352	7739
353	52
353	4697
354	813
355	479
355	664
355	1956
355	3281
356	2930
357	379
357	677
357	1259
357	1367
357	1430
357	6371
357	7011
358	1507
359	3492
359	4700
359	7111
362	49
362	483
362	2933
362	6136
363	6526
364	7050
365	314
366	3838
368	987
371	47
371	802
371	3164
371	4512
372	1918
376	1614
376	3932
379	5010
380	142
381	249
381	2580
381	4063
382	3909
383	4429
385	2618
385	5210
391	129
391	235
391	334
391	1524
391	5039
391	5160
392	85
392	133
392	196
392	1112
392	1686
392	5962
393	244
393	660
393	745
393	2720
394	879
394	1428
395	5053
395	5927
396	2595
396	4288
396	5783
397	49
397	2501
398	645
398	3793
398	7268
401	235
401	2307
401	8312
402	105
402	252
402	2527
403	2930
404	187
406	3
406	6328
407	4551
408	7348
409	2328
410	2930
410	3146
410	6037
410	6962
412	5865
412	6673
413	198
415	8294
419	7971
420	2505
420	3628
420	7814
421	949
421	4449
421	5880
430	191
430	680
430	863
430	5041
430	7714
431	651
431	1240
431	7585
434	116
434	332
435	1
435	3359
435	7251
437	108
437	694
440	1294
440	6251
442	1329
442	1737
443	666
444	47
446	1094
450	4494
452	1777
453	392
453	1309
457	5413
457	5596
462	1048
465	1724
469	147
469	707
469	729
469	1995
469	2798
469	5166
469	6429
469	8692
470	15
470	717
470	5201
470	7736
471	1453
471	1569
472	3852
474	7667
475	3831
475	7667
475	8262
476	945
476	3855
479	20
479	6764
480	5685
481	119
481	166
481	276
481	1434
481	5317
484	186
484	2520
484	3946
488	242
489	64
489	2603
490	0
491	7120
493	791
495	5395
495	7832
498	5846
501	336
506	788
506	5008
508	3799
508	4309
509	5862
509	6258
509	6428
511	740
511	8814
513	3156
513	3810
513	5625
514	2815
518	743
518	4299
518	5195
518	5220
521	2559
522	61
524	2638
524	5929
528	108
528	1264
528	5782
539	2544
547	11
553	1545
553	3755
554	666
554	1294
554	1723
554	5137
554	6302
554	7583
554	8251
555	2061
557	392
558	216
558	977
561	1563
562	5421
567	3203
567	5626
568	792
569	550
572	1270
572	5162
582	679
585	8677
587	1256
587	5082
587	5222
590	511
590	6883
595	1409
598	818
600	5625
601	237
601	3866
612	2734
625	394
625	511
625	1289
625	1353
625	1907
625	3156
625	5027
625	5082
625	8554
626	805
626	1408
626	5320
626	5664
626	6331
627	2857
627	3931
627	7661
628	98
628	128
628	956
628	974
628	991
628	3128
628	6371
628	9448
629	3750
629	5012
629	5160
630	4800
630	6652
631	7978
633	205
633	3899
633	5324
634	3892
634	5017
634	7819
635	1158
635	3139
635	3751
635	5474
635	8964
635	9220
636	39
636	1400
636	1993
636	5102
636	6381
636	8151
637	260
637	1283
637	3755
640	381
640	1194
640	1428
640	7578
641	3087
642	347
642	4170
644	2642
645	33
645	3169
645	5648
646	5006
647	645
647	5519
647	6992
648	3840
648	5315
648	5783
650	2188
650	5008
650	5204
651	2539
652	8374
653	129
654	5381
655	3148
655	3755
655	4070
655	5056
655	9777
656	2598
656	7053
656	9067
659	4
659	1641
661	6289
663	640
664	90
664	123
664	196
664	1954
664	9376
665	2037
665	4070
666	70
666	625
666	1578
666	5672
666	5787
667	161
667	183
667	1261
667	8785
668	1103
668	7500
669	16
669	5007
669	9615
670	437
670	2385
673	1573
674	2
674	181
674	2556
674	2581
674	3843
675	626
675	706
675	2554
676	938
676	5003
677	240
677	319
678	122
681	392
683	42
683	286
684	7550
686	506
686	4414
686	7065
687	730
693	2821
694	3169
694	5312
694	7385
700	665
701	3174
703	0
703	422
703	470
703	1798
703	2736
703	4615
703	5317
705	4077
706	634
706	3777
706	7782
707	1250
707	5090
708	1466
708	3154
708	4176
708	5644
708	7193
708	7500
708	7501
708	8223
709	199
709	656
711	1265
712	714
713	3452
714	634
714	1280
716	5195
717	7652
719	320
722	6
723	14
723	4074
723	5002
723	5512
723	5782
728	5842
728	6614
729	83
729	1804
733	1459
734	70
738	2
738	655
738	2520
738	7683
740	274
742	6480
744	200
745	3213
749	111
749	667
750	6447
752	417
752	628
752	2981
753	2676
755	2896
755	5170
756	1407
757	1329
762	1719
763	352
763	7553
764	332
764	3242
767	2628
767	4851
768	3437
768	4765
769	5547
772	69
773	1250
779	1514
781	196
781	321
781	940
781	2871
781	3459
781	5669
781	5952
781	8992
782	8830
783	1097
783	5039
784	1283
784	5470
785	667
785	6567
786	25
786	2671
786	5401
787	5636
788	2644
788	5005
789	423
789	3301
790	3558
790	4623
791	7599
792	42
794	332
794	3204
794	5632
794	7746
795	1251
798	3752
799	660
799	747
799	2529
801	2535
801	3264
801	8835
802	323
802	487
804	473
805	352
805	725
805	5137
805	5411
806	3751
811	4767
815	5082
817	548
819	8150
821	385
821	5664
824	6886
825	6
825	482
825	5022
828	2521
829	1270
829	9167
835	8918
840	359
843	166
846	7604
849	3555
850	2378
860	39
860	1884
860	3439
860	5147
861	89
861	2196
862	400
863	1153
863	2649
863	3022
864	3
867	6838
869	1306
869	2087
874	3840
875	5005
875	9429
879	8867
880	3752
881	98
881	733
883	5730
884	6025
886	55
889	2567
889	7516
890	206
897	1406
900	1410
902	1106
902	6291
904	5005
908	654
915	635
916	41
916	2892
916	5146
918	1374
921	5012
925	704
925	2531
926	1879
929	7590
931	8147
938	49
938	695
938	1843
938	2002
938	6787
938	7054
938	7092
938	8261
940	169
940	690
940	1178
940	2813
941	864
941	3170
943	5187
943	7390
944	2580
945	0
945	4714
946	4626
947	6254
949	89
949	3125
949	3766
950	2876
951	6338
952	176
952	3086
952	5078
952	7512
953	324
954	5318
954	6143
955	3369
956	1809
957	2893
957	8146
958	1985
958	2737
958	4623
959	401
961	2806
962	406
962	630
962	1574
963	5869
964	333
966	15
969	1954
977	172
977	4502
977	5081
979	705
979	738
980	5859
982	640
982	3168
984	6201
987	1268
987	5650
988	387
990	1605
993	5000
993	5050
995	9941
997	635
998	313
998	511
999	2511
999	8984
1001	5040
1004	889
1007	255
1007	5233
1016	100
1016	327
1021	1043
1023	1744
1024	3223
1026	6372
1026	8878
1027	5865
1028	6407
1029	6290
1036	238
1037	745
1038	1615
1040	852
1050	5195
1052	80
1052	5166
1052	7725
1055	645
1055	2813
1060	4087
1063	2681
1065	635
1066	6108
1067	1262
1080	2814
1090	1022
1095	232
1095	633
1096	1917
1098	1085
1098	1652
1098	4629
1099	6645
1100	6953
1104	106
1104	4507
1104	5670
1105	7
1105	335
1105	1760
1106	3797
1106	6645
1114	9374
1115	21
1115	262
1115	8134
1123	119
1126	108
1128	747
1132	7813
1133	177
1133	3959
1134	17
1135	5430
1138	99
1138	1508
1138	2504
1138	7695
1140	5086
1144	1740
1148	3037
1153	630
1153	2815
1167	174
1172	5012
1173	713
1177	7111
1179	1057
1179	6670
1182	2881
1182	2899
1182	8448
1185	1871
1192	7031
1197	2500
1203	5320
1209	5061
1211	6320
1212	2584
1213	7500
1231	669
1232	9598
1241	8547
1250	3
1250	209
1250	625
1250	1271
1250	1326
1250	1397
1250	2579
1250	3074
1250	3750
1250	3992
1250	6434
1251	332
1251	594
1251	941
1251	943
1251	2506
1251	2927
1251	3622
1251	5162
1251	5244
1251	5539
1251	6259
1251	6352
1251	6926
1251	7622
1251	8831
1253	1444
1253	2598
1253	2722
1253	3811
1253	5880
1253	7700
1254	782
1254	6280
1255	324
1255	2697
1255	5003
1255	6342
1256	3168
1256	4378
1256	5102
1256	6416
1257	7758
1258	396
1258	1270
1258	6251
1259	17
1259	1434
1259	5179
1260	248
1260	977
1260	3416
1260	5198
1260	5743
1260	7892
1261	6
1261	27
1261	528
1261	1743
1261	2520
1262	5126
1262	5325
1265	449
1265	1929
1267	255
1267	7735
1268	275
1270	875
1270	2764
1270	3203
1270	3274
1270	5781
1270	5791
1270	5956
1270	6921
1270	8837
1271	1408
1272	10
1272	8186
1272	8548
1275	469
1275	894
1275	2506
1275	5635
1275	7530
1276	2502
1276	5200
1277	471
1277	1270
1278	42
1279	5005
1279	6573
1280	9208
1281	34
1282	5187
1283	348
1283	1419
1284	4416
1285	1973
1286	1646
1286	4033
1286	5952
1287	120
1287	1680
1287	4062
1287	5476
1288	1876
1288	5557
1289	117
1289	369
1289	3140
1290	328
1290	703
1290	3637
1290	5073
1290	5472
1291	1731
1291	1759
1292	139
1292	924
1293	2613
1294	5
1294	241
1294	401
1294	607
1294	5444
1295	1024
1296	947
1296	965
1296	2658
1297	177
1297	4590
1297	5177
1298	5735
1299	544
1299	4117
1299	5332
1299	6100
1299	7501
1300	9
1300	354
1300	635
1300	5426
1301	7977
1302	1301
1302	2745
1302	3132
1303	83
1306	1535
1307	0
1307	1590
1309	5351
1309	6328
1309	8164
1311	10
1311	323
1311	7188
1314	5011
1315	5041
1319	8269
1320	5038
1323	5244
1325	3843
1326	5666
1328	1369
1328	1731
1328	3174
1328	4183
1329	1323
1329	2531
1329	2686
1330	1299
1330	4769
1330	5224
1330	7549
1331	40
1331	647
1331	799
1331	1647
1331	2742
1333	4121
1333	8002
1334	1406
1334	1914
1334	3878
1334	5001
1336	3174
1338	299
1338	1406
1339	113
1339	226
1340	6663
1341	201
1342	5639
1342	8010
1343	580
1344	1172
1344	1886
1344	7349
1346	93
1348	1095
1348	2533
1348	8108
1349	5000
1351	1676
1351	6684
1351	9103
1353	6887
1353	7745
1354	3169
1356	1843
1358	103
1358	8320
1362	3325
1364	5003
1367	3289
1367	3677
1368	1255
1368	2830
1368	2938
1369	78
1369	335
1369	5718
1370	313
1370	3346
1370	6806
1371	196
1372	5
1372	397
1372	2745
1373	1957
1373	5039
1373	7678
1375	2736
1377	2678
1378	3136
1380	2506
1381	5
1382	2501
1382	5880
1387	4765
1389	1757
1389	2578
1392	5708
1393	2296
1397	449
1400	2658
1402	5184
1405	91
1405	345
1406	244
1406	470
1406	711
1406	1880
1406	5488
1406	6497
1406	7525
1407	78
1407	913
1407	1592
1407	1721
1407	5049
1407	5195
1408	3984
1408	4152
1408	5002
1408	8767
1409	2628
1409	4737
1410	639
1410	1904
1410	2969
1411	828
1411	5093
1412	516
1414	78
1414	6016
1416	1921
1416	2549
1416	3125
1416	7514
1417	52
1418	5157
1421	940
1422	6446
1424	4809
1424	5699
1425	794
1426	1380
1426	5198
1427	68
1427	2631
1427	4062
1429	5472
1429	7562
1431	383
1431	3785
1431	4537
1438	2501
1438	3137
1441	41
1441	52
1443	3752
1445	9000
1446	724
1446	7050
1448	2818
1449	1862
1450	2627
1452	1965
1455	1417
1455	5786
1456	1317
1456	1690
1458	131
1459	2656
1460	7543
1461	1312
1461	3245
1461	6876
1461	8233
1466	3860
1466	5124
1466	5600
1467	852
1470	6
1470	5047
1470	5259
1475	625
1475	1441
1481	4687
1484	9383
1485	2232
1485	3244
1485	3292
1485	3497
1485	6426
1486	44
1486	232
1486	7501
1486	7667
1488	5636
1489	664
1490	179
1490	500
1490	672
1491	553
1491	5016
1494	71
1494	1330
1494	1782
1496	59
1499	99
1500	5055
1500	8915
1502	1328
1505	2591
1507	2700
1509	5003
1510	628
1513	967
1514	3757
1519	472
1523	1329
1524	358
1524	4739
1525	1284
1525	1574
1526	411
1526	8164
1527	5169
1527	6057
1532	6295
1535	5630
1538	6133
1543	7502
1548	301
1548	5097
1563	357
1563	711
1563	1921
1563	5317
1563	7971
1564	6879
1566	8
1566	745
1567	3503
1568	469
1568	2210
1568	2813
1569	5166
1570	3800
1571	650
1572	2544
1572	5390
1573	1381
1573	7513
1574	828
1576	7735
1577	703
1577	1258
1577	1954
1577	8308
1578	631
1579	4108
1582	57
1582	2114
1582	2629
1582	2893
1584	86
1584	1609
1585	1807
1585	2877
1587	2595
1588	7503
1592	184
1592	7838
1595	5870
1597	2129
1597	2559
1599	578
1602	2034
1602	3794
1602	3866
1602	4397
1602	5210
1602	7543
1604	6
1604	5715
1605	705
1605	2549
1605	7512
1606	5792
1612	6269
1615	687
1616	1875
1621	5177
1624	2551
1628	6806
1629	89
1629	3930
1631	6917
1632	5940
1636	2501
1637	2520
1641	1828
1641	3284
1641	4070
1641	7572
1642	13
1642	6898
1643	130
1643	5011
1644	5210
1645	1309
1646	3342
1647	41
1647	5802
1649	243
1651	690
1651	5160
1652	6356
1653	1968
1653	2210
1659	7526
1660	3130
1660	3444
1660	3634
1660	5099
1661	5645
1670	7112
1671	8364
1681	8204
1692	9
1696	324
1699	5523
1701	6623
1702	5631
1704	8320
1710	2532
1712	6914
1714	659
1719	2676
1719	6017
1720	6563
1721	1311
1721	1408
1722	1729
1724	5783
1729	38
1731	9401
1734	2512
1736	8789
1740	6133
1740	8752
1741	802
1741	3448
1748	391
1748	3350
1750	3755
1756	2
1759	7540
1760	8757
1763	5121
1768	670
1769	8809
1773	2501
1777	293
1781	5390
1781	5687
1797	630
1798	6270
1802	374
1806	1571
1817	7968
1818	5937
1820	7501
1821	45
1826	4106
1831	4185
1836	747
1836	5671
1837	3757
1839	1360
1842	485
1846	1289
1849	4378
1851	2564
1856	5988
1856	7143
1865	5081
1875	3
1875	823
1875	1411
1875	1876
1875	5475
1875	8186
1875	8360
1875	9106
1876	1682
1876	2579
1876	2658
1877	152
1878	471
1878	2062
1878	3726
1878	8214
1879	3
1879	5090
1880	393
1880	625
1880	6899
1881	5083
1885	45
1885	5206
1885	5431
1885	7285
1885	7617
1885	7709
1887	7542
1890	86
1890	363
1890	2320
1890	3538
1892	5058
1892	7512
1895	676
1895	910
1895	1139
1895	4660
1895	5479
1895	9288
1896	7718
1898	202
1901	646
1901	4064
1902	78
1902	268
1903	257
1903	1350
1906	6720
1908	157
1911	5450
1912	320
1915	1252
1915	7675
1916	3218
1917	1964
1917	3207
1917	5723
1918	2501
1918	5658
1919	5195
1919	6074
1919	8033
1920	1565
1923	199
1924	172
1924	362
1924	742
1924	6298
1924	6349
1925	127
1925	2637
1926	5626
1928	2524
1929	223
1929	2814
1931	1278
1934	946
1936	2836
1937	869
1937	1680
1939	8124
1943	5653
1945	10
1946	4443
1947	1333
1953	5043
1953	5984
1953	8330
1954	5002
1954	5099
1955	1793
1957	2471
1957	8319
1958	1516
1958	3176
1958	3462
1959	2543
1959	7520
1960	2964
1962	6328
1964	3608
1964	8516
1965	9391
1967	52
1967	1310
1968	319
1972	954
1973	5
1976	42
1976	2706
1978	49
1978	2074
1978	5431
1979	6516
1981	6
1983	3134
1983	5312
1984	9772
1992	2623
1997	9352
2008	449
2011	2620
2011	5164
2012	3459
2012	5021
2015	3524
2020	1954
2023	476
2031	811
2031	2969
2032	5157
2033	6604
2034	340
2034	984
2037	8293
2039	3833
2039	5649
2041	252
2041	5249
2047	161
2051	3210
2051	4806
2052	3
2055	61
2056	8320
2057	8159
2073	8247
2075	3262
2078	750
2080	2090
2083	1275
2086	9153
2087	2528
2087	6312
2093	5022
2095	1271
2096	6259
2109	2031
2110	2539
2114	1299
2115	8954
2119	1018
2121	2
2122	5013
2124	2039
2125	7543
2125	8764
2128	5193
2136	489
2141	3
2149	6933
2152	7998
2154	9531
2158	4399
2158	4473
2160	5469
2164	257
2168	1583
2169	2914
2170	616
2188	366
2188	1095
2188	1577
2188	7598
2190	8691
2191	1387
2193	3848
2200	630
2202	5625
2203	2502
2207	2820
2208	1217
2210	5527
2217	4560
2218	2286
2224	1381
2227	2354
2228	753
2229	100
2233	20
2256	3535
2258	3907
2266	3213
2266	5012
2266	7031
2267	3755
2268	958
2271	5557
2272	319
2274	5822
2275	6257
2275	7024
2283	61
2290	4416
2290	5646
2293	725
2294	7607
2295	4480
2299	374
2300	657
2307	6562
2313	7784
2315	2095
2320	2195
2335	2074
2335	2617
2336	8020
2344	1021
2346	737
2347	5055
2354	130
2354	547
2354	3959
2354	5039
2355	5941
2364	5010
2368	5094
2384	972
2385	7908
2386	157
2413	5493
2416	3301
2418	1578
2424	1290
2428	5337
2437	4621
2442	1690
2443	1903
2450	2589
2452	1270
2458	5830
2468	6573
2473	64
2500	186
2500	352
2500	696
2500	1211
2500	1682
2500	5161
2500	5490
2500	7813
2501	128
2501	325
2501	5781
2501	6407
2501	6425
2501	8164
2501	8222
2501	9072
2502	59
2502	796
2502	5166
2503	352
2503	1984
2503	2367
2504	7268
2505	179
2505	1272
2505	2019
2505	2585
2505	2722
2505	5710
2505	7050
2506	168
2506	1059
2506	1117
2506	2315
2506	2637
2506	3221
2506	6330
2507	7565
2508	1045
2508	5315
2509	3398
2510	428
2510	1095
2510	1593
2510	1614
2510	2280
2510	2539
2510	4141
2511	1276
2511	5081
2511	5705
2511	6300
2511	7664
2512	3450
2512	6255
2512	7509
2512	7559
2513	530
2513	930
2513	6289
2513	7207
2514	3320
2515	236
2515	2554
2515	5505
2515	6033
2515	6574
2518	4773
2520	99
2520	236
2520	401
2520	495
2520	1328
2520	2813
2520	3506
2520	3892
2520	7500
2520	7753
2520	7922
2521	1315
2521	2501
2521	2585
2521	5196
2521	6368
2522	50
2522	4273
2522	5144
2522	5234
2522	9881
2523	5672
2524	7901
2525	1721
2525	2988
2526	3145
2527	396
2527	1524
2527	3143
2527	7553
2528	6919
2529	626
2529	1193
2529	5393
2529	6407
2530	411
2531	121
2531	4457
2532	293
2533	2977
2539	96
2539	1299
2539	1505
2539	5625
2540	557
2540	715
2540	2553
2541	5039
2541	8290
2542	164
2542	3751
2542	5948
2543	5396
2543	5748
2544	200
2544	235
2544	4214
2545	880
2545	962
2546	2852
2549	72
2549	977
2549	5229
2550	3146
2551	20
2551	27
2553	2670
2553	3952
2554	9852
2559	12
2559	1133
2559	4004
2559	7548
2560	1372
2561	315
2561	508
2562	4101
2562	6567
2565	5390
2567	181
2567	6280
2568	1422
2568	1875
2568	5008
2568	5420
2569	3463
2569	9238
2570	30
2571	6494
2573	2845
2574	6367
2575	3052
2575	3763
2576	1575
2578	60
2578	3715
2578	5074
2578	5089
2578	7812
2579	207
2579	476
2579	2798
2579	2936
2579	3517
2579	8300
2580	8437
2581	324
2581	345
2581	674
2581	3149
2582	50
2582	166
2583	10
2584	1038
2585	2410
2588	1783
2588	5547
2588	9106
2589	7587
2589	9001
2590	1886
2590	1975
2593	552
2593	2452
2593	3054
2595	5255
2598	15
2598	9687
2599	1289
2600	2
2601	6425
2608	0
2609	1876
2610	20
2610	3996
2612	1016
2615	7803
2617	1019
2617	5083
2618	530
2618	2823
2618	6333
2618	7357
2620	78
2620	5061
2622	102
2622	5569
2623	2501
2625	115
2627	5315
2627	5374
2628	3760
2631	5118
2631	6040
2632	1475
2633	2671
2633	8753
2634	14
2637	2566
2644	5361
2647	49
2647	3771
2648	109
2651	4160
2651	5641
2652	7852
2653	9467
2656	59
2656	767
2656	966
2656	1408
2656	5162
2656	8439
2658	25
2658	3701
2658	4120
2658	4400
2658	5378
2661	3779
2662	660
2662	1358
2663	2537
2663	7778
2664	4701
2664	7548
2666	5373
2667	7687
2668	171
2668	259
2669	1876
2670	802
2671	8244
2671	8251
2672	4362
2674	188
2676	2083
2676	4072
2677	1334
2677	4923
2678	1925
2678	3312
2679	337
2679	1126
2679	5008
2680	4951
2681	1610
2684	105
2685	469
2692	5465
2693	5381
2695	2659
2695	2695
2696	1430
2696	2037
2696	3481
2697	3987
2697	5027
2697	8605
2700	2278
2703	885
2703	2806
2703	4534
2703	7226
2705	2520
2706	2506
2706	7834
2709	4543
2712	1109
2712	8832
2714	1724
2714	6250
2715	1277
2715	1336
2715	2505
2715	5342
2717	3157
2722	2370
2723	1309
2724	487
2726	5220
2727	501
2730	6243
2734	333
2734	2540
2734	5474
2734	5742
2734	6340
2736	869
2737	742
2738	3156
2738	6968
2739	4375
2739	6847
2747	531
2748	162
2749	1306
2754	332
2755	3134
2756	5093
2766	5320
2766	5661
2769	216
2773	80
2773	5215
2773	7578
2774	1615
2774	2659
2774	5649
2775	5196
2776	5700
2777	2501
2781	353
2782	861
2784	2656
2786	1254
2786	7345
2800	12
2800	811
2806	1290
2813	20
2813	489
2813	1250
2813	2520
2813	2540
2813	2727
2813	2870
2813	6178
2813	8175
2814	54
2814	482
2814	5248
2814	6397
2814	7878
2815	5100
2816	53
2816	1071
2817	8774
2819	438
2820	664
2820	4531
2820	6894
2822	209
2822	391
2822	640
2822	5652
2823	42
2823	81
2823	1408
2823	7593
2824	630
2824	814
2827	803
2827	3125
2827	3882
2830	1339
2831	5163
2832	1129
2832	3519
2834	4072
2835	88
2835	5163
2835	8515
2836	117
2837	1431
2841	6953
2842	362
2842	476
2842	2219
2842	2864
2842	6246
2842	6380
2844	279
2848	5221
2848	8037
2849	645
2850	5
2850	7503
2852	176
2852	2844
2853	85
2853	6429
2854	666
2854	2847
2855	4136
2855	6173
2857	65
2857	93
2859	1663
2860	3230
2860	3405
2861	7548
2867	8170
2871	784
2872	1258
2872	8789
2873	8
2876	259
2877	7432
2882	626
2884	2535
2891	78
2891	81
2891	83
2891	6250
2891	8057
2897	843
2897	951
2897	3168
2899	1267
2900	404
2901	1331
2902	976
2902	2349
2911	1878
2913	5029
2916	132
2916	5000
2916	5832
2916	7505
2918	8776
2925	628
2927	274
2931	8213
2932	402
2935	1455
2935	1880
2939	830
2941	1418
2941	3147
2944	244
2949	166
2952	7792
2953	3929
2954	365
2954	6287
2955	7789
2957	1011
2959	5630
2965	159
2969	2984
2969	5406
2969	5631
2970	5176
2972	731
2974	1426
2976	5587
2977	2732
2977	5244
2978	596
2979	94
2979	5021
2979	5113
2979	8917
2980	99
2980	5158
2981	1592
2988	2456
2993	5031
3006	8323
3008	102
3010	704
3013	646
3016	2896
3018	667
3027	729
3027	1411
3030	2507
3031	3116
3035	625
3037	41
3047	1496
3050	313
3051	3447
3052	49
3052	2542
3055	1709
3057	171
3057	7565
3067	5171
3068	5058
3070	5210
3086	7832
3088	2971
3096	1331
3096	1378
3101	354
3101	550
3115	3087
3125	47
3125	1538
3125	1780
3125	3721
3125	5957
3126	374
3126	626
3126	4453
3127	3519
3127	5381
3129	1298
3130	630
3130	1647
3130	1797
3130	3155
3130	5646
3130	8149
3130	8994
3132	2286
3134	6583
3135	2603
3135	2989
3135	5392
3135	7894
3135	8064
3138	7187
3140	296
3140	5410
3141	1319
3141	8602
3143	5118
3144	4264
3145	1
3145	609
3145	2365
3145	7677
3146	483
3148	1927
3148	5625
3149	1253
3154	3
3154	3163
3154	5313
3157	6410
3159	645
3164	1887
3165	60
3168	5329
3169	1187
3170	6269
3171	2600
3173	1408
3174	440
3176	50
3176	802
3184	4551
3185	6164
3187	1272
3187	5743
3188	2718
3189	6134
3193	5653
3203	39
3203	3281
3204	99
3204	183
3204	5528
3206	402
3206	2086
3207	163
3208	6289
3209	1273
3209	2506
3210	5084
3212	7590
3215	1629
3215	2517
3218	5127
3219	2111
3223	3868
3224	783
3231	11
3231	5709
3232	7822
3242	174
3242	3919
3243	262
3243	1333
3243	2578
3245	395
3245	3141
3247	476
3254	291
3254	3910
3254	7194
3257	1587
3258	943
3269	3162
3281	161
3281	3614
3281	5940
3281	6416
3281	7746
3281	8925
3282	160
3282	792
3282	2515
3282	6574
3284	3441
3285	443
3287	1
3287	9745
3291	984
3291	6529
3292	476
3292	781
3292	6113
3293	7950
3301	3859
3302	4407
3303	11
3306	206
3307	7666
3308	497
3311	5004
3311	8915
3312	5471
3313	5084
3320	459
3320	5674
3322	5323
3323	636
3323	2867
3324	8132
3328	1758
3345	0
3359	2523
3361	88
3361	1258
3363	2578
3365	5501
3367	6250
3369	1292
3372	261
3372	832
3378	8914
3379	214
3381	4199
3383	98
3384	2625
3387	1353
3391	882
3401	6748
3402	689
3403	5024
3407	2582
3437	5068
3439	2227
3440	3771
3441	352
3443	3235
3443	7841
3444	313
3448	1426
3450	3458
3452	862
3452	5373
3457	8126
3461	786
3475	2708
3477	2756
3477	5088
3481	1261
3486	508
3488	5785
3489	821
3489	2822
3494	8764
3496	8391
3498	3416
3502	9698
3506	2815
3517	1380
3517	4009
3520	87
3520	473
3522	5350
3525	5396
3532	5080
3535	3098
3556	7812
3566	6333
3571	6256
3574	1236
3574	8770
3575	5636
3579	2705
3581	8364
3585	1367
3594	1094
3594	6284
3597	5052
3599	2612
3603	37
3604	2679
3619	5426
3623	54
3625	5788
3625	6261
3627	6656
3633	5470
3646	625
3652	91
3655	3176
3658	727
3658	3784
3683	1417
3723	9393
3750	318
3750	4380
3750	5164
3750	5259
3750	7592
3751	3226
3751	4040
3751	5000
3751	7424
3752	3595
3752	5320
3752	6060
3753	41
3753	3811
3754	2593
3754	2783
3754	3125
3755	56
3755	982
3755	1413
3755	3537
3755	5630
3755	9218
3756	7021
3757	2681
3757	5669
3758	157
3758	2537
3758	5011
3758	5743
3759	3804
3760	169
3760	481
3760	630
3760	1418
3760	3430
3762	4477
3764	723
3765	320
3765	1373
3767	8
3769	5783
3769	8086
3770	4067
3770	5873
3771	705
3771	727
3775	1309
3775	3830
3775	5348
3777	5794
3779	332
3779	1449
3780	6260
3784	1957
3784	3149
3785	9853
3786	923
3786	8205
3788	1664
3788	4304
3789	79
3790	806
3790	3951
3792	3203
3793	664
3793	5089
3793	5189
3794	169
3794	8515
3795	5014
3798	2501
3800	1509
3800	8305
3802	6407
3806	7735
3808	8261
3809	1550
3809	4142
3809	6367
3810	497
3810	3497
3811	2522
3813	98
3816	5187
3820	1900
3827	850
3828	6
3828	121
3828	3447
3828	5111
3829	1986
3829	2133
3829	5636
3830	7672
3831	5337
3831	6308
3838	8795
3840	4534
3841	1450
3843	7551
3846	5086
3848	6
3848	2579
3848	5035
3849	2584
3863	7504
3868	470
3871	2816
3872	846
3872	2501
3872	5050
3873	8906
3877	2557
3877	3378
3882	3398
3887	1204
3891	1712
3893	1663
3896	8814
3899	3888
3901	5141
3906	323
3907	16
3907	1406
3913	2612
3914	251
3916	5078
3917	630
3917	5786
3918	100
3920	821
3924	4368
3926	6093
3930	16
3931	2564
3932	4462
3934	5371
3935	2590
3938	199
3938	2971
3943	3751
3946	5703
3948	8819
3955	713
3956	1097
3957	8125
3959	169
3960	684
3960	1673
3965	4278
3966	7730
3970	7514
3975	7776
3981	1314
3984	4817
3985	442
3993	3532
4001	2501
4003	1723
4025	3477
4025	8059
4026	641
4027	2249
4034	1453
4035	3894
4053	5411
4056	797
4062	1266
4062	4065
4062	5106
4065	196
4065	6250
4067	1
4067	84
4067	2679
4069	3829
4072	264
4072	7609
4075	5044
4077	1351
4077	2352
4078	950
4079	647
4083	954
4083	5860
4087	2051
4087	6544
4089	943
4089	2554
4092	8186
4098	6408
4101	0
4101	2075
4101	6516
4103	5313
4104	3468
4105	1925
4105	7597
4106	7821
4117	2306
4121	7501
4122	4101
4122	5993
4125	6689
4137	2540
4141	3856
4141	5039
4141	5318
4143	128
4147	4069
4151	4302
4154	376
4155	19
4159	760
4160	5333
4167	608
4180	1419
4182	7657
4188	957
4189	5171
4200	2037
4209	1357
4219	3125
4224	7529
4227	3009
4234	8300
4236	4687
4239	11
4249	4445
4253	6250
4255	5001
4256	900
4258	1258
4258	6617
4271	337
4277	1907
4298	315
4306	433
4307	39
4311	1251
4316	161
4318	2969
4321	1508
4325	1326
4336	4844
4337	1297
4361	8076
4375	2559
4375	5166
4377	1262
4380	371
4382	9571
4383	784
4385	3096
4386	9274
4388	470
4388	6735
4390	3429
4394	4378
4396	1262
4397	7666
4400	2609
4402	328
4405	504
4414	1526
4414	4629
4414	5636
4415	1427
4415	1591
4415	3599
4416	157
4416	7034
4424	98
4424	4432
4427	148
4433	114
4453	2687
4454	1145
4454	1338
4454	2515
4454	3177
4454	8828
4458	314
4461	5668
4462	102
4462	4702
4463	1261
4463	4064
4468	2664
4473	440
4478	2690
4482	1113
4494	3148
4501	8613
4516	2
4518	7624
4531	20
4531	7156
4532	4599
4535	91
4541	61
4541	4005
4542	11
4545	1290
4552	1332
4560	1309
4570	2737
4577	2102
4579	5054
4580	5014
4581	1643
4591	1768
4610	5464
4612	7520
4614	1432
4615	1330
4617	2759
4624	3998
4629	5046
4686	5154
4687	5008
4689	168
4689	238
4689	8359
4692	2581
4692	3848
4692	6057
4695	274
4695	5381
4699	5983
4703	50
4704	626
4705	1842
4710	551
4714	1961
4724	705
4726	554
4726	4042
4728	4474
4734	236
4736	7504
4742	7593
4743	2773
4746	667
4751	6997
4751	8829
4753	2734
4767	5022
4770	5796
4785	5000
4825	2019
4829	6902
4830	4766
4832	9067
4842	6095
4844	1290
4851	127
4852	5680
4855	745
4863	2879
4864	5513
4865	952
4865	1292
4867	2199
4883	1330
4891	6508
4916	7756
4924	8306
4933	0
4934	3281
4962	938
4967	4688
4979	376
4980	4861
5000	2
5000	8
5000	325
5000	568
5000	730
5000	1290
5000	1293
5000	1528
5000	1876
5000	2501
5000	3022
5000	3790
5000	5100
5000	5381
5000	6455
5000	8124
5001	17
5001	161
5001	1006
5001	3765
5001	5324
5001	5571
5002	630
5002	1270
5002	1322
5002	1336
5002	3867
5003	432
5003	2661
5003	6019
5004	2626
5005	183
5005	372
5005	1487
5005	2462
5005	5508
5005	5933
5005	6275
5005	7262
5006	1031
5006	6335
5007	315
5007	8788
5008	4024
5009	471
5009	938
5010	471
5010	2539
5010	5045
5010	7545
5010	7606
5011	1438
5011	3154
5011	3243
5012	3520
5012	9443
5013	4062
5013	5069
5014	1153
5014	1399
5014	7838
5016	5664
5016	9081
5019	313
5019	4122
5019	6433
5019	8556
5019	8882
5020	434
5020	2581
5020	5156
5020	5313
5020	6663
5021	1250
5021	3660
5021	7825
5022	797
5022	1276
5022	5628
5022	7522
5023	625
5024	686
5024	1485
5024	2510
5024	6113
5025	537
5025	8329
5027	1524
5028	6916
5029	8774
5030	328
5030	671
5030	3066
5030	7832
5032	1099
5033	879
5034	10
5034	999
5034	5359
5035	1416
5035	7666
5039	178
5039	281
5039	670
5039	822
5039	1905
5039	2865
5040	2189
5040	8283
5040	9284
5041	1289
5041	2581
5041	5012
5041	6899
5043	2825
5043	8438
5044	206
5044	692
5046	31
5046	1270
5046	1348
5046	2510
5047	642
5049	3284
5049	6635
5051	5805
5052	6587
5054	1342
5054	1389
5054	6421
5055	352
5055	5962
5057	5664
5058	854
5059	943
5059	2852
5059	5119
5060	0
5060	79
5061	2529
5061	5562
5061	6491
5062	168
5062	2003
5063	1002
5063	5550
5064	2532
5066	6982
5067	2598
5069	5632
5069	8477
5071	240
5072	3
5078	5
5078	790
5078	2356
5078	2798
5078	4082
5078	4426
5078	5016
5078	5627
5078	6609
5078	7531
5079	337
5080	1469
5080	1598
5080	4533
5081	1570
5081	7520
5083	157
5083	7383
5084	2846
5085	672
5085	2007
5086	4063
5088	2554
5088	5942
5088	9247
5089	131
5089	364
5089	1017
5090	314
5090	6562
5092	25
5093	6446
5094	103
5094	7706
5095	21
5095	8751
5097	5390
5098	1263
5100	340
5100	2388
5101	659
5101	3887
5101	4539
5105	3213
5106	5000
5108	310
5108	3209
5110	508
5111	2243
5115	89
5117	13
5117	2663
5117	5647
5118	2584
5119	437
5121	235
5121	372
5121	566
5123	967
5127	1925
5128	2506
5128	3788
5129	1670
5130	191
5131	5122
5132	5027
5137	5
5137	651
5138	5017
5142	11
5145	6342
5145	6403
5146	547
5149	7045
5152	8671
5156	184
5156	397
5156	5108
5156	8124
5157	1931
5157	3351
5157	4224
5157	7581
5158	382
5158	724
5158	792
5158	3147
5158	5353
5158	6432
5161	655
5161	1284
5161	1803
5162	6289
5163	2149
5163	5561
5165	2239
5166	119
5166	632
5166	5394
5167	1580
5168	1356
5168	6383
5169	3838
5171	5395
5176	846
5176	1256
5176	5898
5176	6258
5176	6277
5178	5419
5179	957
5180	5689
5180	6992
5180	7569
5183	1036
5183	3855
5184	2559
5185	3223
5187	3928
5191	681
5193	352
5195	1026
5195	1588
5195	4462
5195	6767
5196	3448
5198	960
5198	6661
5198	9084
5200	3140
5200	4101
5201	1026
5201	1598
5201	1899
5201	6787
5201	7274
5202	8
5202	7547
5205	8790
5206	8371
5208	1353
5209	8906
5215	2073
5215	5807
5215	6923
5217	5220
5218	39
5225	7240
5235	2668
5235	5675
5238	781
5238	4690
5239	5273
5239	6487
5241	5
5243	6584
5244	5070
5244	5658
5245	415
5245	5060
5250	216
5257	7715
5258	40
5259	1857
5259	3841
5259	5019
5260	1685
5273	85
5273	1798
5273	3009
5274	820
5276	1
5276	1826
5277	2769
5280	7813
5282	1309
5283	5566
5284	1328
5285	4238
5292	41
5294	4541
5296	4858
5298	4490
5303	5030
5310	2759
5312	811
5312	1283
5312	1411
5312	3174
5312	5918
5312	6409
5312	7641
5313	126
5313	411
5313	3130
5313	7033
5314	81
5314	1253
5314	2129
5315	11
5316	123
5316	625
5316	1995
5316	2826
5316	6728
5317	318
5317	1517
5318	1250
5318	1353
5320	5030
5320	6759
5322	5781
5328	186
5330	700
5331	3450
5332	783
5332	6541
5333	81
5333	637
5334	364
5335	2545
5336	343
5337	2856
5337	7969
5337	9689
5338	9382
5339	59
5341	313
5342	27
5342	7744
5343	2858
5350	1934
5351	1532
5351	2747
5352	3477
5354	206
5354	296
5355	3691
5357	4535
5357	6325
5359	6077
5361	1409
5362	104
5364	4219
5367	2681
5371	2697
5371	3411
5375	241
5381	3502
5386	703
5390	1485
5390	5185
5391	5324
5395	2623
5396	2305
5400	6
5401	182
5401	1016
5401	3662
5401	8203
5403	1485
5403	5201
5407	727
5410	4125
5420	2507
5420	3562
5429	1261
5433	60
5433	6591
5434	6336
5435	1878
5437	7512
5445	1876
5450	9651
5458	6307
5469	2
5469	85
5469	326
5469	2521
5469	5542
5471	1875
5471	6100
5475	573
5478	1447
5482	218
5482	1026
5488	125
5490	2749
5491	4851
5492	1250
5495	1253
5495	2285
5495	2815
5498	1261
5498	3285
5506	176
5508	157
5509	509
5511	5014
5511	5957
5517	8440
5524	8969
5525	6703
5528	365
5528	651
5528	5091
5536	410
5539	5063
5542	14
5547	1181
5549	2062
5556	636
5566	1
5572	5312
5582	3691
5586	1611
5586	6281
5588	321
5589	5246
5599	8515
5600	5061
5615	5356
5624	2056
5625	241
5625	625
5625	1417
5625	4397
5625	5000
5625	5024
5625	5317
5625	5395
5625	5826
5625	5957
5626	44
5626	81
5626	5792
5627	326
5627	5006
5628	2524
5630	1627
5630	1904
5630	5548
5631	470
5631	1505
5632	103
5632	1135
5633	8301
5635	4928
5635	9113
5637	5127
5639	362
5639	905
5639	3957
5639	5439
5640	159
5640	2539
5640	3755
5644	983
5644	1605
5644	3521
5644	9082
5647	445
5647	3164
5647	5326
5648	2544
5650	6350
5650	7509
5653	16
5654	5383
5655	2607
5660	1646
5660	5737
5664	3
5664	83
5665	3788
5666	176
5666	587
5666	2603
5669	163
5669	1797
5669	5752
5670	3750
5671	1448
5671	8233
5672	1924
5672	2047
5674	0
5674	1047
5675	5235
5676	5334
5678	4453
5678	6331
5683	2816
5686	2559
5686	7522
5688	127
5688	6269
5689	231
5694	669
5696	3309
5704	2581
5706	1608
5706	5194
5710	6290
5713	5685
5713	8212
5716	877
5718	372
5721	4801
5727	5003
5738	60
5740	1439
5742	5798
5743	1919
5752	99
5761	1924
5762	4424
5781	745
5782	2513
5782	2656
5782	5315
5782	6314
5783	0
5783	275
5783	7208
5784	5063
5786	318
5786	1250
5786	3169
5787	2585
5788	3815
5791	1993
5791	5884
5792	8073
5794	3241
5794	3832
5796	626
5801	1447
5801	5313
5801	8526
5802	5738
5802	6251
5804	3486
5804	4541
5808	2672
5822	2141
5826	4795
5830	807
5830	956
5840	5002
5843	6259
5859	2502
5860	94
5860	1486
5861	5340
5864	1178
5868	7753
5871	5
5873	4414
5874	2511
5874	3483
5876	54
5882	128
5882	350
5885	2835
5885	7504
5890	2517
5897	5704
5899	113
5910	1348
5916	181
5918	1481
5918	2542
5918	2659
5923	412
5927	6886
5930	2526
5936	547
5937	3219
5937	5450
5937	7506
5938	1273
5938	8331
5943	5942
5945	2549
5947	3443
5947	6407
5948	392
5948	1739
5948	2500
5949	4085
5951	822
5951	3030
5964	1273
5967	2620
5976	3468
5977	6758
5978	8060
5979	36
5980	138
5982	2982
5983	3213
5986	5316
5989	5635
5996	3790
5997	6422
5999	936
5999	3794
6001	1292
6016	6410
6017	2512
6018	2817
6020	438
6021	42
6021	319
6021	5002
6023	227
6025	9
6026	1260
6029	2500
6034	14
6042	7423
6050	973
6057	5947
6076	3691
6093	445
6098	625
6100	2659
6104	315
6106	6262
6106	6331
6107	5001
6123	7148
6139	1294
6141	251
6143	2930
6143	5002
6144	6250
6145	9146
6147	1041
6147	6336
6154	167
6158	952
6172	52
6172	6430
6179	7695
6213	2471
6220	149
6231	2502
6241	6958
6250	650
6250	670
6250	1428
6250	2711
6250	3575
6250	5046
6250	5317
6250	5713
6250	6294
6250	7522
6251	9656
6252	1260
6253	5636
6254	3129
6255	3800
6255	7089
6257	1572
6257	1607
6258	5783
6258	6945
6259	1172
6259	3935
6260	6283
6262	6897
6263	5254
6264	127
6264	792
6265	9540
6266	977
6266	1251
6269	2505
6270	5249
6270	5931
6273	3162
6274	861
6275	950
6277	2466
6278	1928
6279	1126
6283	8174
6283	9431
6284	9392
6286	78
6289	165
6289	1416
6289	9581
6292	2881
6295	1299
6295	3289
6296	7188
6296	8829
6297	942
6299	172
6299	5645
6299	7053
6302	168
6302	567
6302	6583
6303	5188
6304	1
6306	44
6306	983
6306	1390
6306	1391
6308	664
6308	1965
6308	2526
6309	2041
6309	8615
6311	121
6311	5312
6311	6944
6314	196
6318	5655
6328	2
6328	918
6328	4435
6328	6421
6329	321
6329	1294
6330	1430
6331	167
6333	64
6336	50
6338	3794
6339	2930
6339	7522
6341	5710
6344	41
6344	630
6344	2725
6347	2528
6347	2589
6347	2823
6352	686
6352	1563
6357	98
6363	168
6367	1882
6367	4143
6370	2
6370	344
6372	2588
6372	2590
6374	3750
6377	626
6377	1961
6383	1533
6390	1596
6406	28
6406	100
6406	957
6406	1891
6407	5649
6408	372
6408	767
6411	3169
6411	6787
6413	7741
6416	2971
6416	5825
6416	5869
6416	9128
6418	13
6418	3326
6418	4194
6422	1198
6425	61
6425	4043
6427	5005
6428	3464
6446	7
6446	5313
6447	259
6450	6884
6455	1460
6462	1426
6463	2360
6466	3130
6468	2515
6468	5236
6474	5068
6475	1251
6484	386
6494	1568
6495	20
6497	157
6499	0
6499	44
6513	1883
6518	7412
6519	7274
6522	8021
6525	3154
6532	5968
6549	684
6562	187
6562	2023
6562	3210
6563	791
6563	3926
6565	5439
6565	5500
6567	1904
6567	2506
6571	6533
6572	2827
6572	4395
6573	1259
6574	2975
6577	6261
6579	677
6579	948
6584	371
6589	41
6593	1346
6598	5240
6599	1018
6602	7033
6602	7700
6602	8608
6604	1431
6606	1448
6606	3856
6607	7617
6608	7329
6609	406
6624	5312
6631	5548
6634	8281
6637	5361
6640	23
6641	5630
6643	9396
6648	198
6650	4403
6652	3128
6663	5079
6665	1662
6670	7500
6670	8543
6680	626
6680	5805
6683	5320
6687	7741
6689	3577
6709	7504
6718	1270
6718	8871
6720	1272
6720	8569
6724	4464
6729	5791
6730	314
6740	5472
6743	5355
6743	5398
6756	2832
6758	881
6759	525
6772	2075
6778	2815
6779	3595
6797	1253
6797	5960
6803	360
6803	792
6805	70
6809	2228
6845	1156
6875	827
6875	4027
6876	2114
6877	313
6878	3158
6879	1171
6879	2516
6879	8215
6884	589
6886	2531
6887	7089
6889	276
6894	3169
6894	3811
6894	8057
6895	5180
6896	1264
6897	630
6899	42
6899	4259
6899	6601
6900	2571
6901	353
6902	7598
6904	4152
6906	2268
6909	0
6912	7913
6914	254
6914	1311
6915	2970
6915	5662
6915	7896
6925	5631
6926	1182
6933	5085
6938	5022
6943	78
6954	2924
6958	2672
6959	3329
6962	1308
6969	2
6994	392
6999	1878
7000	351
7021	481
7031	235
7031	824
7032	3
7032	1590
7036	213
7036	744
7037	5703
7048	5083
7049	3152
7050	3997
7053	749
7055	2268
7055	6443
7071	5640
7072	3140
7074	1290
7080	625
7080	4692
7083	3750
7083	5489
7109	498
7112	6026
7119	1406
7135	3980
7137	56
7148	9842
7150	971
7150	6640
7160	393
7187	1055
7191	966
7194	1026
7197	323
7197	8751
7198	5083
7202	4328
7203	3650
7205	863
7207	1441
7211	6977
7216	2523
7218	962
7218	3767
7229	119
7231	2936
7244	83
7249	4687
7255	1412
7257	61
7274	294
7285	2524
7287	5786
7304	318
7305	2972
7306	5112
7310	2901
7311	3752
7318	6729
7338	5626
7344	70
7345	4111
7346	170
7349	1278
7356	2540
7364	324
7366	7891
7367	1567
7415	4307
7417	349
7437	2569
7477	7564
7490	8292
7500	99
7500	646
7500	664
7500	979
7500	2500
7500	2523
7500	4209
7500	5020
7500	6875
7500	8900
7501	21
7501	47
7501	319
7501	1251
7501	1339
7502	4072
7502	6282
7503	45
7503	938
7503	7109
7504	1564
7504	7526
7506	2549
7506	3439
7506	7835
7509	4068
7511	206
7511	2212
7511	3475
7512	218
7512	1041
7513	2988
7514	475
7514	2667
7515	100
7515	816
7515	5162
7517	3833
7519	5102
7520	9238
7522	3751
7524	3282
7525	3419
7525	5359
7528	636
7533	3833
7535	7446
7539	93
7539	457
7539	561
7540	393
7541	6
7542	3385
7543	157
7543	8918
7544	705
7545	167
7545	3477
7547	3751
7549	3752
7550	41
7550	93
7550	193
7550	7922
7552	5321
7553	5625
7554	93
7555	642
7558	1711
7558	6606
7561	1882
7562	8750
7565	5652
7568	2077
7569	2554
7578	625
7578	1118
7578	2699
7578	4664
7578	5088
7578	7340
7579	2225
7579	5412
7581	7440
7583	626
7583	5210
7583	5481
7587	1419
7587	2031
7587	4416
7587	6257
7587	6973
7589	2540
7590	4146
7591	78
7595	5447
7597	293
7598	392
7598	1876
7600	7680
7602	3779
7603	5012
7603	5549
7607	128
7612	1416
7617	1016
7617	2500
7617	5431
7617	5469
7620	5938
7624	6701
7626	7190
7627	5055
7629	6598
7630	8049
7634	672
7636	7442
7637	5990
7646	2170
7647	9225
7648	4420
7656	6361
7660	5660
7660	6406
7663	23
7664	7714
7667	2665
7667	6447
7675	599
7675	4065
7675	8674
7678	723
7679	1710
7681	3500
7682	7578
7685	9316
7691	5635
7695	999
7695	3829
7698	4613
7698	7031
7699	6018
7700	74
7701	1896
7706	42
7706	589
7706	1331
7711	4698
7715	3841
7719	7502
7736	9072
7738	6656
7739	7048
7740	821
7746	2500
7749	6487
7759	7519
7761	1330
7763	1746
7772	362
7773	5655
7774	665
7778	1660
7778	4394
7792	137
7797	440
7813	47
7813	81
7814	196
7816	95
7816	1526
7816	8920
7817	240
7817	2502
7818	5116
7822	329
7823	23
7824	918
7827	5013
7833	80
7833	3712
7833	5370
7834	157
7835	9726
7838	6129
7840	3054
7841	363
7851	1565
7858	8547
7860	5686
7862	5000
7871	313
7871	4576
7872	4
7873	1297
7875	49
7878	1362
7879	64
7880	1329
7880	3170
7882	6616
7890	5773
7890	5957
7891	579
7892	3428
7892	5089
7896	686
7898	514
7901	9858
7905	6045
7905	6270
7905	6724
7907	5178
7910	2853
7910	7636
7911	1976
7912	4581
7914	556
7915	89
7918	588
7919	1900
7927	1453
7930	7211
7931	323
7932	5030
7935	1684
7936	2587
7940	6492
7965	7858
7968	3
7968	67
7968	2583
7969	3523
7969	7735
7974	1487
7974	7587
7976	1057
7977	7514
7988	6875
7988	6883
7989	1563
7989	1914
7993	8010
8003	357
8010	8754
8012	645
8013	1255
8017	5986
8020	5976
8022	2540
8022	9770
8026	6577
8027	735
8027	1121
8034	2581
8037	2238
8047	23
8049	10
8049	655
8049	7619
8060	5290
8066	667
8075	5547
8103	653
8124	1055
8124	3867
8126	861
8126	3444
8126	8831
8127	3105
8127	5440
8128	469
8129	5010
8130	830
8131	42
8134	158
8134	5039
8139	22
8142	431
8145	642
8145	1533
8145	2974
8150	2602
8156	158
8156	309
8157	3320
8159	1563
8160	7218
8162	1309
8164	2
8164	343
8164	6738
8165	6565
8168	3350
8169	471
8169	2590
8175	2585
8186	661
8189	705
8194	3184
8198	1111
8200	1388
8203	411
8205	1016
8205	1029
8206	3
8207	1934
8222	5316
8223	7082
8225	5119
8225	8183
8227	7832
8232	2523
8232	6909
8235	8518
8245	2365
8267	5693
8281	2746
8281	3754
8281	7503
8281	8151
8283	642
8283	764
8285	2155
8287	210
8290	3087
8291	9600
8296	2834
8305	1207
8306	5937
8312	2863
8320	7734
8320	8127
8322	119
8325	49
8325	2549
8334	5054
8349	6186
8369	3760
8369	7609
8370	6559
8380	713
8381	1260
8383	2119
8388	3599
8399	733
8437	6367
8442	2847
8447	3189
8448	22
8450	2109
8456	801
8456	1292
8464	3140
8471	2643
8472	630
8472	1641
8477	4141
8478	6797
8482	27
8483	1493
8487	5282
8496	1264
8500	1465
8507	2660
8510	6510
8518	5217
8521	2853
8522	938
8525	3763
8525	8053
8533	222
8543	1900
8545	6582
8579	5606
8614	675
8620	469
8630	5650
8633	49
8636	1037
8652	6309
8671	4075
8675	5705
8681	2539
8705	318
8715	5350
8751	1573
8751	3330
8751	3913
8751	6233
8752	1182
8752	2661
8755	88
8756	420
8756	5003
8758	2683
8759	999
8759	1076
8759	5942
8760	2062
8760	3331
8762	5713
8762	8326
8763	675
8763	8465
8769	164
8769	2451
8769	2824
8769	7592
8770	5003
8770	5082
8770	5718
8780	5183
8788	1445
8788	3835
8789	1253
8789	5171
8793	632
8793	6275
8794	1252
8808	41
8808	5068
8814	1524
8818	1759
8829	5049
8829	8172
8830	430
8831	1378
8835	5685
8837	6303
8839	3497
8841	4225
8842	2509
8869	7637
8886	984
8887	3753
8896	1953
8898	1443
8905	1309
8906	0
8906	64
8906	6174
8910	1298
8913	413
8918	2515
8918	5324
8919	9182
8920	8041
8922	821
8936	6255
8939	4419
8940	489
8945	345
8945	3281
8945	5146
8947	2697
8950	5025
8954	968
8955	313
8969	420
8970	5383
8971	3225
8981	5032
8984	941
8994	47
8995	337
9003	2712
9023	5041
9026	5019
9030	440
9033	2501
9042	5640
9062	326
9062	1407
9063	1250
9063	5173
9067	589
9067	5665
9069	3216
9069	5469
9072	1363
9072	1568
9072	5284
9073	1289
9079	1251
9081	47
9083	453
9083	6898
9086	37
9088	2892
9096	1763
9096	3870
9104	215
9111	7047
9124	1292
9142	3755
9152	871
9152	5881
9164	709
9172	7679
9175	21
9194	1102
9222	7564
9223	1217
9232	3584
9232	5249
9232	9099
9235	377
9240	9727
9243	9303
9253	398
9259	2095
9262	2522
9262	5906
9263	7344
9269	332
9297	703
9344	410
9374	1995
9374	5356
9374	6329
9375	669
9376	6583
9376	7522
9378	4215
9379	5025
9381	5862
9382	3218
9382	5217
9383	5274
9389	471
9395	2623
9396	80
9409	5249
9418	7608
9421	1660
9426	15
9428	1759
9429	89
9429	5329
9430	6499
9433	940
9443	1602
9453	247
9454	322
9454	7031
9454	9062
9459	2608
9468	1599
9476	6599
9502	5161
9531	4083
9531	5708
9532	3359
9538	7597
9540	8184
9547	6644
9551	489
9555	1290
9557	2
9570	1947
9589	22
9589	362
9610	159
9618	5361
9621	1349
9626	6032
9628	6876
9653	813
9687	1965
9692	5792
9693	5233
9706	6434
9737	8212
9744	270
9750	396
9757	330
9775	5010
9788	6017
9854	7504
9858	5517
9889	286
9916	3130
9927	1513
9952	1026
