0	20
0	198
0	327
0	605
0	628
0	714
0	729
0	747
0	799
0	839
0	937
0	1249
0	1252
0	1329
0	1334
0	1406
0	1482
0	1604
0	1718
0	1895
0	1933
0	2045
0	2539
0	2551
0	2736
0	3222
0	4269
0	5196
0	5334
0	6250
0	6991
0	7187
0	7583
0	7824
0	7893
0	8364
1	327
1	469
1	686
1	821
1	976
1	1252
1	1616
1	2072
1	2583
1	4072
1	4094
1	5019
1	5634
1	6333
1	6768
1	8189
1	9765
2	1
2	84
2	132
2	747
2	782
2	869
2	880
2	1912
2	1929
2	2988
2	3437
2	3486
2	3505
2	4078
2	4771
2	5096
2	5370
2	6265
2	6426
2	6896
2	7190
2	7524
2	7627
2	8127
2	8776
3	35
3	348
3	552
3	1084
3	1349
3	1968
3	2284
3	2506
3	3124
3	3176
3	5007
3	5141
3	5221
3	5644
3	7516
3	7554
3	7750
3	7817
3	8261
3	8931
4	169
4	171
4	446
4	977
4	3491
4	5043
4	6302
4	8774
5	0
5	133
5	704
5	988
5	1003
5	1130
5	1452
5	2501
5	2783
5	3186
5	3791
5	4301
5	4369
5	5060
5	5336
5	6045
5	8051
5	8939
6	20
6	59
6	60
6	658
6	1285
6	2255
6	2501
6	2515
6	2526
6	2538
6	2578
6	2700
6	2734
6	3178
6	4384
6	4609
6	6334
6	6876
6	7938
6	8139
7	88
7	705
7	1262
7	5007
7	8008
8	11
8	78
8	167
8	255
8	800
8	1068
8	1251
8	1479
8	2040
8	2541
8	2994
8	3953
8	5004
8	5391
9	664
9	1000
9	8320
10	425
10	1448
10	1601
10	1850
10	1896
10	2687
10	3132
10	3271
10	4687
10	5007
10	5275
10	5327
10	6343
10	7714
10	8320
10	9628
11	3
11	6
11	399
11	703
11	980
11	1210
11	1313
11	1368
11	2154
11	2227
11	2334
11	3444
11	5041
11	6282
11	7597
11	8137
12	22
12	1406
12	2504
12	3632
12	3730
12	5117
12	5627
12	9413
13	3
13	59
13	317
13	363
13	1777
13	2037
13	2233
13	3638
13	3875
13	3882
13	5517
13	5668
13	6103
13	6406
13	6894
14	634
14	860
14	1393
14	1640
14	2670
14	3287
14	6895
14	8125
14	8835
15	254
15	1279
15	1572
15	1589
15	1659
15	1881
15	2188
15	5167
15	5949
15	6299
15	8799
16	138
16	161
16	937
16	1453
16	2543
16	2775
16	3267
16	5002
16	5038
16	5407
17	16
17	177
17	703
17	752
17	959
17	2601
17	8310
18	4689
18	7629
19	664
19	792
20	56
20	108
20	665
20	695
20	864
20	1098
20	1115
20	1526
20	1742
20	3481
20	3593
20	4904
20	5098
20	5329
20	5415
20	5637
20	5663
20	6406
20	6729
20	7190
20	7656
20	7667
20	7698
20	7754
20	8193
20	9262
20	9387
21	159
21	186
21	337
21	935
21	1554
21	3189
21	5802
21	7438
21	9062
22	1
22	156
22	352
22	627
22	652
22	669
22	825
22	1525
22	1742
22	2311
22	2560
22	3086
22	3458
22	5005
22	5483
22	6271
22	6441
22	7438
22	8359
23	234
23	469
23	2833
23	3167
23	3830
23	5674
23	5742
23	6264
24	5326
25	103
25	164
25	1275
25	2234
25	3290
25	3763
25	3799
25	4367
25	4386
25	5633
25	6308
25	9228
25	9589
26	156
26	202
26	313
26	6509
26	7960
27	2558
27	4095
27	6425
27	7060
27	9404
28	200
28	217
28	2513
28	2549
28	2662
28	5784
28	9143
30	79
30	2512
30	3832
30	4690
30	5784
30	5900
30	5984
30	6437
30	7245
30	9228
31	394
31	1923
31	2967
31	5190
31	5391
31	7268
32	355
32	496
32	2515
32	5077
33	2909
33	2976
33	5442
33	5820
33	6362
34	954
34	1913
34	3126
34	4381
34	6570
35	39
35	782
35	1628
35	3691
35	5207
35	7126
35	7819
36	625
36	1685
37	108
37	5273
37	5492
38	6260
39	25
39	158
39	257
39	275
39	278
39	313
39	332
39	397
39	782
39	1901
39	2359
39	2406
39	2499
39	3137
39	5021
39	5042
39	5239
39	5646
39	5784
39	6041
39	7626
40	78
40	91
40	130
40	813
40	1272
40	1695
40	1796
40	2503
40	2659
40	2695
40	4452
40	5478
40	5627
40	6423
41	25
41	64
41	158
41	802
41	1309
41	2275
41	2365
41	2441
41	2676
41	3439
41	3449
41	5236
41	6045
42	8
42	471
42	1064
42	1098
42	1309
42	1751
42	2616
42	2675
42	2944
42	3118
42	3209
42	5037
42	6724
43	4486
43	6811
43	9736
44	884
44	2503
44	2868
44	3252
44	5669
45	109
45	317
45	399
45	510
45	1740
45	2187
45	2568
45	2769
45	5693
45	6572
45	7703
45	9003
46	1874
46	2540
46	3373
46	5088
47	3
47	5162
47	5508
47	6249
47	6782
48	178
48	3134
48	5723
48	6288
48	6308
49	79
49	159
49	259
49	633
49	6876
49	7187
50	169
50	349
50	400
50	1153
50	1594
50	2500
50	2643
50	5163
50	8134
51	2363
51	3804
51	6896
52	5
52	2503
52	2970
52	4091
52	5264
52	6347
52	7506
53	9235
54	243
54	392
54	2509
54	7775
54	8752
55	181
55	313
55	665
55	718
55	1255
55	3290
55	5318
55	7736
56	167
56	1294
57	2579
58	5158
58	6489
58	7773
59	84
59	186
59	439
59	860
59	1410
59	2066
59	2093
59	2402
59	2521
59	3464
59	3953
59	4219
59	5107
59	5665
59	5958
59	7540
60	186
60	1877
60	1886
60	1891
60	4421
60	5430
60	5478
60	5788
61	3
61	11
61	61
61	1885
61	4648
61	5478
61	5673
61	7209
62	234
62	4884
63	4999
63	5019
63	7513
64	365
64	400
64	576
64	1793
64	2088
64	4377
64	4616
64	5010
64	5019
64	5099
64	7512
65	625
65	2582
65	3011
65	6322
65	8527
65	8597
66	1257
66	2664
67	199
68	42
69	403
69	976
69	1830
69	2505
69	5722
69	7522
70	344
70	438
70	2188
70	6998
71	30
71	1369
71	7519
72	1728
72	2898
72	4410
74	8293
75	5156
75	5740
75	5844
76	2293
76	5507
77	3130
78	22
78	117
78	166
78	181
78	711
78	1115
78	1294
78	1484
78	1889
78	4223
78	5068
78	6337
78	6368
78	7502
78	8784
79	164
79	4396
79	4460
79	7200
80	14
80	188
80	235
80	339
80	1895
80	2206
80	2614
80	2691
80	3969
80	5400
80	5761
80	6103
80	6357
80	7853
80	8132
81	2
81	796
81	1128
81	1260
81	1329
81	1393
81	1885
81	1943
81	2581
81	2836
81	3153
81	3185
81	3445
81	5048
81	5084
81	5320
81	6288
81	6496
81	7507
81	7834
82	180
82	1352
82	2822
82	3071
83	41
83	635
83	841
83	2012
83	2706
83	2877
83	3830
83	4155
83	5533
83	6302
83	8516
84	1293
84	1406
84	3010
84	3986
84	5234
84	5264
84	6330
84	6581
84	8764
85	999
85	3148
85	5127
86	230
86	2265
86	5071
86	6562
87	2350
88	59
88	2891
88	4656
88	5195
88	5981
88	7546
88	8515
89	421
89	609
89	710
89	5205
89	6050
89	6330
89	6410
90	744
90	6177
90	7715
91	570
91	1091
91	2539
91	2580
92	789
92	1905
92	5490
92	5588
92	6446
92	6643
93	29
93	437
93	1767
93	5225
93	9811
94	84
94	128
94	596
94	737
95	3
95	4999
95	8213
96	2015
96	4996
96	8462
97	5070
97	5552
98	60
98	653
98	1253
98	1573
98	2697
98	3676
98	3751
98	5024
98	5124
98	5198
98	7969
98	8126
98	9316
99	313
99	860
99	2572
99	5236
99	5430
100	208
100	3945
100	5314
100	6617
100	7568
102	5449
103	88
103	471
103	654
103	5086
103	5234
103	7502
104	674
104	1880
104	3794
104	5312
104	5391
104	7541
104	8759
106	156
106	1004
106	3447
106	5455
107	430
108	52
108	674
108	1410
108	2623
108	4150
108	7636
109	3571
110	163
110	7543
110	7945
112	4703
113	391
113	859
113	1112
113	3056
113	7502
115	7356
115	7864
117	1464
117	4111
117	5746
117	6126
117	7520
117	7641
118	333
118	714
118	1307
118	6714
118	7190
118	9502
119	1406
119	1408
119	4545
119	7034
119	7823
120	91
120	1894
120	2716
120	3393
120	3913
120	6762
121	234
121	314
121	5181
121	7073
122	1
122	2110
122	2663
122	5976
122	8834
123	145
123	2591
123	5390
123	6453
123	9476
124	100
124	2703
124	7505
125	158
125	639
125	6889
126	2725
127	5
127	250
127	1314
127	1562
127	2550
127	3371
127	5005
127	5314
127	5627
127	7584
127	9695
128	202
128	3084
128	9704
129	6729
130	21
130	627
130	2621
130	4784
130	6601
131	839
134	783
134	1330
134	5678
137	33
137	225
137	1029
137	2778
137	2925
137	3776
137	3830
137	5198
137	8164
138	443
138	3443
138	3754
138	3906
138	5238
138	5510
139	159
139	4375
139	5215
140	1260
140	2903
141	227
141	1835
141	4615
142	337
142	1249
142	1445
142	8842
143	626
143	5007
143	8523
144	81
144	316
144	1958
145	2561
147	17
147	841
147	7508
148	195
149	783
149	7562
150	82
150	564
150	3127
152	37
152	288
152	963
152	972
152	2276
152	5668
154	9929
156	32
156	60
156	156
156	313
156	314
156	605
156	785
156	930
156	1252
156	1269
156	1457
156	1679
156	1877
156	1985
156	3779
156	4753
156	5005
156	5343
156	5632
156	6288
156	8770
157	1431
157	1889
157	5001
157	6002
158	20
158	391
158	1327
158	1887
158	3126
158	3843
158	4069
158	4231
158	4538
158	5469
158	5667
158	6972
158	7812
158	9114
159	137
159	174
159	630
159	876
159	1018
159	1567
159	2558
159	3334
159	5119
159	5312
159	5408
160	5238
160	5976
161	20
161	81
161	156
161	195
161	910
161	1273
161	2051
161	2812
161	5043
161	5478
161	5649
161	5860
161	8208
162	1293
162	1445
162	1932
162	3052
162	4999
162	5391
162	7538
163	1372
163	7857
164	49
164	81
164	241
164	338
164	739
164	1263
164	1445
164	2656
164	3948
164	5000
164	5176
164	6040
164	6905
164	6921
165	2577
165	4573
166	20
166	471
166	488
166	1504
166	3789
166	3794
166	4731
166	5695
166	6572
166	9186
167	44
167	159
167	836
167	2363
167	2529
167	2543
167	3144
167	5527
167	9081
168	2081
168	9467
169	1418
169	3534
169	5021
169	5703
169	5807
169	6326
169	6377
169	6501
170	450
171	338
171	6581
172	11
172	20
172	64
172	5837
174	318
174	1707
174	3597
176	3
176	157
176	636
176	947
176	1372
176	2522
176	5939
176	9860
177	176
177	5246
178	274
178	653
178	810
178	1381
179	3321
179	4076
179	4223
180	315
180	864
181	53
181	109
181	203
181	608
181	686
181	1359
181	4231
181	4374
181	5939
181	6486
181	7577
182	2
182	880
182	2580
182	2977
182	8950
183	938
183	2268
183	4106
184	1132
186	9
186	23
186	98
186	5159
186	5645
187	3220
187	6606
188	2997
189	47
189	7117
191	0
191	480
193	2540
193	5315
193	6338
193	9389
194	3092
194	3830
195	1285
195	2036
195	2723
195	3454
196	11
196	360
196	613
196	2682
196	6019
197	946
197	1299
197	1694
197	5804
197	5976
197	7828
198	0
198	554
198	1929
198	1972
198	3126
198	5546
198	7558
199	21
199	403
199	2200
199	5644
200	25
200	98
200	517
200	664
200	1294
200	1572
200	1874
200	2284
200	8224
201	3281
202	322
202	1249
202	5615
203	7081
204	5881
204	8906
205	78
205	5007
205	6565
205	7514
205	7517
206	826
206	4140
206	8051
207	86
208	27
208	157
208	1132
208	2206
208	2529
208	3772
208	5101
208	5693
209	98
211	2858
211	5714
213	489
213	3509
214	313
215	19
215	4013
215	6435
215	7657
216	430
216	800
216	1442
217	7521
218	1251
218	3389
219	5629
220	166
220	3832
220	7747
221	5208
222	8751
223	3284
225	111
225	1316
225	3616
226	5630
226	7734
227	1496
228	6640
228	8594
230	118
230	939
230	5058
230	5160
231	5088
231	6581
234	227
234	1308
234	1585
234	1741
234	1838
234	2111
234	2210
234	2527
234	5629
234	7558
235	942
235	4896
235	5354
236	1015
236	1251
236	1436
236	3262
236	9070
237	20
237	138
237	625
237	993
237	5234
237	6837
237	7021
237	7031
237	7971
237	8314
238	350
238	1876
239	335
239	1356
239	5038
239	5040
239	8005
240	1265
241	3923
241	7634
242	17
242	513
243	3469
244	1249
244	1293
244	6291
244	7501
244	7681
245	89
245	5001
247	6976
247	9602
248	121
249	2070
249	2951
249	5729
250	7503
250	9062
252	239
252	3769
254	0
254	159
254	626
254	1408
254	1887
254	2524
254	7676
255	369
255	564
255	4495
255	5352
255	5958
255	7695
256	1640
256	6876
257	2971
258	625
258	1643
259	44
259	1338
259	8303
260	914
261	278
261	2515
261	5552
262	5234
262	7876
263	2502
265	5790
266	373
269	40
269	2583
270	2669
270	5412
274	170
274	2714
274	5903
274	7423
275	3598
275	5120
276	108
276	213
276	2505
276	5087
276	8437
277	2781
277	3026
278	275
278	2773
278	3540
278	7892
278	8750
279	6
279	186
279	4150
279	5683
280	318
280	2657
280	5037
280	6872
281	5109
282	8605
284	8131
285	1249
286	5019
286	9513
288	25
288	358
288	3471
288	7209
289	1484
291	375
291	1252
291	5000
291	6885
293	127
293	325
293	3320
293	8686
294	22
296	3052
297	6
297	6515
303	325
303	1040
303	4716
303	5120
303	6523
306	870
308	5950
309	6408
313	2
313	16
313	33
313	48
313	102
313	122
313	210
313	256
313	469
313	486
313	821
313	921
313	976
313	1269
313	1359
313	1697
313	2233
313	2504
313	2535
313	2538
313	2861
313	3448
313	3518
313	3753
313	4062
313	4538
313	5024
313	5109
313	5156
313	5498
313	5517
313	6362
313	6489
313	7197
313	7502
313	8324
313	8751
314	206
314	237
314	336
314	1105
314	1445
314	2097
314	2863
314	2870
314	3408
314	3547
314	3595
314	4319
314	4747
314	5665
314	6653
314	9345
315	349
315	1154
315	2913
315	3768
315	5175
315	5397
315	6899
316	1025
316	2067
316	3000
316	5007
316	5040
316	6256
317	17
317	39
317	1249
317	1312
317	1437
317	1901
317	2509
317	2726
317	3925
317	4395
317	6309
317	8485
318	276
318	322
318	785
318	1295
318	1847
318	2704
318	3847
318	5684
319	70
319	889
319	2197
319	2516
319	6299
319	6659
319	8126
320	91
320	162
320	216
320	1455
320	1526
320	2507
320	2674
320	5002
320	5538
320	6441
322	139
322	722
322	1035
322	1642
322	1685
322	2121
322	2519
322	2722
322	3662
322	4551
322	4936
322	5390
322	6955
323	1
323	342
323	686
323	1963
323	3437
323	9414
324	133
324	208
324	349
324	3614
324	5163
324	5240
325	489
325	709
325	1096
325	1347
325	1406
325	2511
325	2666
325	3908
325	6021
325	6679
325	6880
326	3
326	23
326	5234
327	410
327	3517
327	3912
327	5273
327	9382
328	244
328	2634
328	4434
328	5569
330	1293
331	1802
331	6387
332	249
332	1630
332	2701
332	2953
332	3837
332	3942
332	5005
332	5101
332	5783
332	5937
333	442
333	722
333	938
333	1288
333	1319
333	1354
333	5136
333	5342
334	5470
334	5713
335	408
335	3126
336	704
336	1464
336	2515
336	5176
337	966
337	1293
337	1887
337	3438
337	8759
338	2673
338	2812
339	330
339	5156
339	7792
341	805
341	7663
342	191
342	737
342	1249
342	2011
342	2502
342	2521
342	3125
343	1931
344	2532
344	2566
344	2597
344	7539
344	8829
345	190
345	1257
345	1265
345	1407
345	7189
345	8812
345	8889
347	210
348	559
349	2
349	3249
350	64
350	6094
351	7919
352	781
352	1631
352	1935
352	2884
352	3285
352	7118
353	3
353	57
353	81
353	1291
353	1514
353	2089
353	2665
353	7039
353	7665
354	781
354	2620
355	224
355	3228
355	5762
355	7501
355	7844
356	817
356	863
356	3137
356	5005
356	8329
357	839
357	1311
357	7425
358	8171
358	9792
359	1689
359	3673
360	156
360	4687
360	5813
361	2499
361	5080
361	6301
362	1598
362	6413
363	4161
363	4224
364	1215
364	2374
364	2856
365	238
366	6647
367	141
367	6361
367	6719
370	3447
371	41
371	572
371	1957
372	156
372	325
372	391
372	5119
372	6413
373	112
373	5068
374	0
374	3608
376	1950
376	6279
379	5079
380	1293
381	78
381	5040
381	6507
384	32
384	9189
385	318
386	864
386	3516
388	2841
391	55
391	314
391	636
391	1680
391	3168
391	3306
391	5052
391	5370
391	5632
391	6918
391	7018
391	7656
391	8251
392	72
392	610
392	882
392	2772
392	3623
392	6827
392	7605
392	7764
393	627
393	1730
393	5450
394	0
394	177
394	324
394	3202
394	5030
394	5351
395	152
395	1256
395	1452
395	1960
395	3829
396	2577
396	5107
397	705
397	1044
397	6251
397	6487
397	7579
397	7822
398	2934
398	3451
399	1255
399	3788
399	6572
400	625
400	4399
401	5195
401	8750
402	69
402	821
402	2529
403	603
403	646
403	7519
404	637
405	1452
405	5265
406	353
406	1874
406	3126
406	7585
407	2502
408	2649
408	3202
408	3859
408	8227
410	421
410	1725
410	4401
411	88
411	625
411	1093
411	3188
411	5180
413	431
413	2045
413	4465
414	646
415	1368
415	2549
415	3024
416	158
416	1813
416	2500
416	7735
417	3771
418	5097
419	4758
421	167
421	1129
421	1249
421	2851
421	5418
422	2864
423	159
423	1660
423	7519
424	4744
425	7570
430	625
430	991
430	1973
430	2503
430	5785
430	6340
431	206
431	3929
431	7969
432	9733
433	228
433	469
433	5629
434	39
435	51
435	1329
435	1563
435	2538
435	8830
436	5821
436	8752
438	6251
439	137
439	363
439	2781
439	5392
439	9795
441	36
441	641
441	4153
441	5939
441	7893
442	5096
444	4128
449	413
449	5861
449	9140
450	289
450	6591
451	22
452	635
454	7672
459	5457
460	0
460	8207
463	4653
467	4259
469	177
469	430
469	1116
469	1440
469	3233
469	3929
469	5200
469	7623
469	8828
470	21
470	496
470	513
470	782
470	2513
470	2538
470	3124
470	3829
470	5602
471	44
471	2530
471	3008
471	3013
471	3129
471	3266
471	4296
471	6329
471	6409
471	7656
472	3936
472	5508
472	5519
472	6334
472	8502
474	1030
474	1313
474	2272
474	2305
474	4151
474	5517
475	84
475	195
475	723
475	3753
475	5702
475	9414
476	149
476	581
476	1500
476	3139
476	5798
477	66
477	2215
477	3202
477	6135
478	338
478	396
478	1281
478	1379
478	8791
479	2505
479	2527
480	158
480	264
480	1934
480	3509
480	5325
480	5703
481	1376
481	5654
483	335
485	755
487	6262
488	788
488	1880
488	2666
488	5058
488	8769
489	572
489	862
489	5200
489	6891
490	539
490	864
491	260
491	347
491	391
491	3540
491	3750
492	8
492	1564
493	161
493	1406
494	4
494	21
494	6603
495	21
496	5727
497	313
498	19
498	3251
499	2112
499	3010
499	5878
501	198
501	327
501	1249
501	7538
502	73
502	319
503	41
505	732
505	1894
506	1279
508	160
508	328
508	349
508	659
508	822
508	1535
508	4460
508	6337
508	6879
508	8209
509	1373
509	2751
509	8483
510	2777
510	3433
510	6432
511	1252
511	1347
511	2773
511	6385
513	4767
513	9024
515	3801
517	80
517	2090
517	2954
517	7764
518	6915
519	2584
519	5828
520	5666
522	769
524	2120
524	3641
524	3764
527	22
527	84
528	421
528	4865
528	7812
530	1103
530	1608
530	8512
531	6304
535	2609
537	8202
538	1250
539	4472
543	7149
545	377
547	132
547	237
548	2524
549	16
549	958
549	1119
550	53
550	157
550	7951
552	1577
552	4298
552	5317
554	2499
554	2851
554	5313
554	6178
554	6875
556	3768
556	4404
557	787
557	5943
558	186
558	3359
558	8768
559	1332
559	6623
561	3828
563	815
566	5481
566	7551
567	44
567	1249
569	332
569	664
569	1353
571	1978
571	2507
571	5373
571	5992
572	4490
576	5729
577	530
577	8166
581	7691
582	1677
586	472
586	6050
586	7813
588	156
588	1659
588	1897
588	3204
588	5792
589	5588
589	7519
591	2834
592	3830
593	0
596	2855
598	130
599	4492
600	1313
600	6290
605	2016
606	5220
606	6897
608	820
608	941
610	694
611	480
612	1268
613	34
613	7739
617	60
619	202
621	6186
625	8
625	18
625	56
625	80
625	93
625	98
625	182
625	183
625	198
625	235
625	238
625	329
625	363
625	391
625	679
625	689
625	1054
625	1251
625	1591
625	2045
625	2545
625	3007
625	3921
625	4006
625	4999
625	5004
625	5326
625	5842
625	5882
625	6381
625	6877
625	7507
625	7566
625	8145
625	8205
625	9484
626	120
626	316
626	478
626	636
626	669
626	977
626	1174
626	1454
626	1719
626	2502
626	2846
626	3790
626	4107
626	4386
626	4795
626	5002
626	5015
626	5079
626	8757
627	20
627	62
627	156
627	159
627	266
627	384
627	742
627	782
627	791
627	947
627	1252
627	1354
627	1359
627	1509
627	1944
627	2079
627	3282
627	4084
627	4534
627	5215
627	5522
627	5573
627	5800
627	5943
627	6836
627	8828
628	76
628	391
628	417
628	3751
628	4413
628	5273
628	6367
628	6887
628	7501
628	7562
628	7841
628	8211
628	8444
629	5110
630	20
630	234
630	1476
630	1780
630	3989
630	4502
630	5040
630	5336
630	6733
630	7952
630	7986
631	166
631	3283
631	6425
632	664
632	2543
632	3124
632	3202
632	6580
632	7851
633	191
633	316
633	1269
633	1586
633	2610
634	1582
634	1992
634	4059
634	4465
634	6591
635	84
635	106
635	242
635	316
635	1386
635	3129
635	3892
635	4110
635	4455
635	5627
635	5807
635	6289
635	7832
635	8449
635	8993
636	83
636	830
636	1036
636	1115
636	1260
636	1643
636	3141
636	9911
637	110
637	156
637	752
637	2695
637	5079
638	937
638	957
638	1210
638	1257
638	1334
638	3144
638	3263
638	3769
638	5097
639	50
639	121
639	199
639	5397
640	7516
641	73
641	163
641	645
641	2511
641	2978
642	516
642	771
642	2656
642	5948
642	6359
644	313
644	1251
644	1279
644	4479
644	5820
644	8594
645	419
645	626
645	3755
645	6447
646	30
646	61
646	553
646	1272
646	1587
646	1606
646	7666
647	8
647	39
647	105
647	652
647	911
647	5171
647	5468
647	7908
647	8848
648	626
648	8935
649	66
649	2831
649	4220
650	27
650	32
650	1840
650	2501
650	3832
650	5390
650	5864
650	7060
650	7667
651	1492
652	1399
652	1534
652	6040
652	7648
653	2812
653	7717
653	9952
654	413
654	6195
654	6265
655	1064
655	1943
656	625
657	3066
657	3368
657	5329
657	6262
659	188
659	3444
659	5947
660	167
661	1606
661	3220
663	1251
663	1642
664	157
664	626
664	1352
664	2526
664	2538
664	3125
664	3805
664	4452
664	5536
664	7891
664	9172
665	6
665	971
665	1879
665	3443
665	4034
665	5062
666	1447
666	1865
666	2753
666	5639
666	6367
667	5000
667	5029
667	5031
668	645
669	3757
669	4375
669	4658
669	5167
669	7409
670	322
670	542
671	0
671	7734
672	1498
672	1642
674	13
674	2534
674	3640
674	4389
674	5137
674	5176
674	8362
675	197
675	294
675	370
675	1897
675	3213
675	3323
675	7638
675	7870
676	631
676	8770
677	6252
678	1262
678	1663
678	2505
678	7912
679	2220
680	2099
681	5035
682	2961
682	3987
683	879
683	1577
683	5234
683	6110
683	6606
684	376
684	661
684	6602
685	1879
686	520
686	7701
688	1554
688	5080
689	2107
689	3584
690	1959
691	694
691	2676
692	9231
693	44
693	851
693	1347
694	3008
695	1462
696	6207
697	5019
698	5300
703	278
703	664
703	2715
703	2743
703	2855
703	3204
703	4406
703	4571
703	4615
703	5331
703	7349
703	7739
703	8578
703	9064
703	9180
704	81
704	308
704	328
704	1719
704	4706
704	5136
704	5396
705	313
705	335
705	2659
705	4894
705	5593
705	7648
706	4012
706	7864
706	8828
707	1071
707	1562
707	1876
707	2822
708	6
708	708
708	2034
708	2176
708	2549
708	2837
708	2929
708	2975
708	3366
708	4614
708	5195
708	5366
709	2874
710	638
710	1875
710	5696
711	5046
713	78
713	1813
713	1905
713	4611
713	7524
715	3133
715	5319
716	713
716	1279
717	7109
718	319
718	488
718	4103
718	8750
719	12
719	356
721	317
721	1249
721	1952
721	2392
722	757
722	1620
722	5413
722	5552
722	7851
723	3504
723	4062
723	5000
723	6343
723	8810
724	394
724	627
724	825
724	3125
725	356
725	1644
726	44
726	990
726	3989
728	3996
728	5332
729	2618
729	7514
730	1708
730	5024
730	9396
732	49
732	139
732	2566
733	1603
734	1899
734	3797
735	7974
736	6252
737	5795
738	460
739	4086
742	860
742	2519
742	2705
743	338
743	1587
743	2051
743	2620
744	156
744	2616
744	4721
744	7616
744	8216
744	9520
747	1290
747	5490
747	9506
748	5010
749	2656
749	5800
749	7761
750	91
752	1591
752	5019
752	5060
752	5069
752	7211
753	3798
755	70
755	845
755	5701
757	5392
758	626
758	7352
762	1884
762	5199
762	8827
763	1506
764	5002
764	5639
765	2289
766	6901
766	8462
767	2
768	6529
772	5411
775	2237
776	637
776	4817
776	5040
776	8749
781	15
781	41
781	88
781	1320
781	2110
781	4000
781	5000
781	5020
782	530
782	5956
782	8371
783	0
783	349
783	529
783	1271
783	2618
783	3300
783	4819
783	5868
783	6253
783	6640
784	830
785	34
785	631
785	8816
786	106
786	672
786	799
786	830
786	2914
786	3051
786	5014
786	7507
787	1603
787	2521
788	1020
788	1896
789	674
790	5004
791	112
791	5628
791	6132
791	6507
791	7788
791	7812
792	359
792	3598
792	5254
792	6645
793	2659
795	9283
796	2671
796	2988
796	5412
797	1952
797	8686
799	2512
800	22
800	52
800	1462
800	2510
800	5331
800	5362
801	14
801	2700
801	2831
802	25
802	469
802	3984
802	5102
802	5873
803	1192
803	6890
804	1135
804	3057
805	3284
807	156
807	200
807	3790
807	5312
809	319
810	2812
810	2822
811	186
813	2661
814	2499
817	3
817	172
818	744
819	1320
819	3935
820	732
820	2714
820	2939
820	5816
820	9075
821	556
821	937
821	1274
821	3204
822	176
822	323
822	670
822	1643
822	2658
822	5312
823	557
824	1368
825	61
825	703
825	6454
828	1025
829	2814
830	678
830	1069
831	2499
832	1410
832	5558
832	9025
833	937
833	2502
833	6934
835	1670
835	4473
838	592
839	219
839	5834
841	3458
843	489
844	2505
844	5077
844	5724
846	6186
847	1979
848	5107
849	22
849	2861
850	2054
852	5429
855	6304
857	2503
859	0
859	4
859	786
859	1323
859	5168
860	197
860	361
860	4418
860	5235
862	5275
862	6330
863	1098
863	2510
864	988
864	1152
864	5097
865	910
865	5644
866	3129
867	1663
867	5181
868	7309
869	294
869	2646
869	3149
869	3520
869	5012
871	1451
874	2656
875	158
876	1583
877	964
879	225
879	1373
879	5362
879	9105
882	938
882	2949
882	8878
883	128
883	5062
884	7530
885	2990
885	7519
889	208
892	3766
893	1999
898	2447
899	23
899	736
899	2686
899	7793
899	8911
900	189
900	1443
900	1880
900	6884
901	3921
902	3135
906	95
906	5637
908	30
908	3307
910	20
911	1338
913	510
913	2861
920	167
920	821
920	2817
926	485
937	39
937	278
937	816
937	1298
937	1382
937	1454
937	3153
937	3848
937	3956
937	6249
937	7620
938	341
938	459
938	1020
938	2046
938	2634
938	2848
938	5813
938	6271
938	6876
938	6921
939	364
939	1629
939	2387
939	2500
939	3936
939	4228
939	5976
939	9576
940	55
940	317
940	347
940	8837
941	90
941	874
942	5
942	547
942	626
942	752
942	1953
942	4625
942	5547
944	7441
945	178
945	1586
945	3206
946	6666
946	7549
947	629
947	3515
947	4551
947	6523
948	1379
948	2597
949	120
949	784
949	1883
949	4072
949	5166
949	5890
952	116
952	1308
952	1357
952	3165
952	3750
952	6568
954	1298
954	2961
954	4435
954	4986
955	2686
955	3183
955	4063
955	6260
956	4284
957	880
957	1489
957	1562
957	2509
957	7773
958	15
958	949
958	1250
958	2559
958	6018
959	433
959	1298
959	5658
959	7578
960	636
960	6290
961	356
961	2499
961	8300
962	6563
963	1315
963	2873
963	7070
964	16
964	215
964	4513
966	339
966	6641
968	508
968	1022
968	7568
969	597
969	5629
971	7616
972	1701
972	5077
974	127
974	6952
974	7558
976	5
976	648
976	2838
977	694
977	703
977	5676
978	5098
979	39
979	635
979	4181
979	6767
979	8930
980	2206
980	5084
980	8592
981	3321
982	5
982	15
982	2510
982	5163
983	7939
986	2739
986	4999
986	5179
987	52
988	4531
991	7588
994	8247
995	1036
996	5098
996	6423
997	4552
998	3595
1003	325
1005	81
1006	24
1007	317
1007	3440
1008	84
1008	264
1008	1991
1010	1290
1015	45
1015	859
1015	1975
1015	4999
1016	102
1016	320
1016	2565
1016	2905
1017	1260
1018	393
1018	1269
1018	6486
1020	1801
1020	2869
1020	5358
1020	9374
1021	130
1021	1955
1023	2041
1025	478
1025	2541
1025	2872
1025	5345
1027	2827
1027	5151
1028	8456
1029	1718
1030	61
1030	113
1030	508
1030	1454
1033	3
1033	5041
1035	71
1035	666
1035	947
1035	3283
1035	5093
1035	5285
1035	6317
1036	2535
1036	5684
1037	391
1037	2032
1039	5444
1040	6974
1041	2189
1042	1311
1043	3703
1044	2032
1046	41
1049	9531
1054	259
1054	625
1054	6562
1055	807
1055	1334
1055	3781
1056	4067
1057	1324
1057	3281
1057	4223
1058	2973
1058	4025
1058	5868
1059	1454
1060	7997
1061	236
1062	3779
1065	8790
1066	6484
1068	656
1069	811
1069	2619
1069	4230
1069	5038
1074	3770
1074	5461
1075	7434
1077	1623
1078	586
1081	1102
1085	2815
1088	8848
1093	2508
1093	8754
1094	627
1094	760
1094	1249
1094	2578
1094	3873
1094	4141
1094	5156
1094	6671
1094	7812
1095	7593
1096	125
1096	2874
1096	6391
1096	6477
1097	332
1097	5160
1098	5
1099	372
1099	5314
1099	6019
1100	1946
1100	2629
1101	2520
1103	3
1103	234
1103	352
1103	1934
1103	5019
1104	22
1104	2678
1104	5049
1104	5183
1104	9394
1105	8267
1107	236
1107	2499
1108	51
1108	5351
1111	2132
1112	632
1113	991
1113	1486
1113	2584
1113	6059
1114	15
1115	1269
1115	3693
1115	4736
1115	5483
1115	5786
1118	394
1118	499
1121	1896
1121	2892
1122	563
1125	6562
1126	23
1126	633
1126	2031
1126	2539
1128	652
1130	7579
1132	7501
1133	3246
1134	821
1135	7571
1136	313
1136	2993
1137	325
1137	3185
1138	3827
1138	5554
1140	3496
1143	150
1143	830
1143	7850
1148	367
1149	1116
1152	9771
1154	1332
1155	100
1161	1308
1164	2783
1164	3749
1166	4453
1171	391
1171	1351
1171	2579
1171	3772
1171	5093
1172	3178
1172	8284
1174	4570
1177	2900
1180	177
1181	2793
1182	42
1183	38
1183	5504
1183	5873
1184	2764
1188	1621
1188	5632
1191	9419
1193	1249
1193	2115
1194	5001
1195	7817
1196	1252
1197	2643
1197	6299
1201	6288
1202	1484
1204	9452
1206	3440
1210	2712
1210	5951
1212	1648
1212	2348
1214	21
1221	2891
1221	5019
1224	3126
1230	0
1230	25
1230	1171
1230	2377
1234	686
1235	1249
1240	9388
1246	8766
1249	11
1249	33
1249	314
1249	422
1249	1184
1249	2551
1249	2621
1249	2836
1249	3762
1249	4150
1249	5000
1249	5100
1249	5627
1249	6098
1249	6816
1249	8145
1250	26
1250	317
1250	576
1250	627
1250	821
1250	1546
1250	2244
1250	2512
1250	2715
1250	5163
1250	5510
1250	6366
1251	2
1251	9
1251	626
1251	771
1251	960
1251	1327
1251	1731
1251	5236
1251	5272
1251	6914
1251	7656
1251	8761
1252	284
1252	625
1252	694
1252	2426
1252	3071
1252	3479
1252	3686
1252	3769
1252	4999
1252	5157
1252	5443
1252	6415
1252	6418
1253	318
1253	1133
1254	2647
1254	2815
1254	3465
1254	3984
1254	8445
1254	9233
1255	20
1255	170
1255	234
1255	3283
1255	7311
1256	5870
1256	6724
1256	8266
1257	711
1257	1018
1257	1489
1257	1875
1257	2759
1257	6625
1258	255
1258	752
1258	1255
1258	5048
1258	8770
1259	2
1259	120
1259	420
1259	2685
1259	4374
1259	7598
1259	8750
1260	5988
1260	7621
1260	8202
1261	5005
1262	317
1262	704
1262	1616
1262	3013
1262	5937
1262	6279
1263	2582
1263	8359
1264	7
1264	324
1264	489
1264	511
1264	1535
1264	4262
1264	5021
1265	5832
1266	44
1266	6309
1268	8415
1269	842
1269	861
1269	1913
1269	2657
1269	2970
1269	3093
1269	3438
1269	3801
1269	5363
1269	5722
1269	5805
1269	7505
1269	8437
1269	8755
1270	84
1270	324
1270	406
1270	1757
1270	5722
1270	7909
1271	0
1271	59
1271	1437
1271	1606
1271	1739
1271	4374
1271	4429
1271	4720
1271	5062
1271	5980
1271	6609
1271	6960
1272	938
1272	2504
1272	9062
1274	346
1274	550
1274	761
1274	3295
1274	3749
1274	7579
1275	6
1275	59
1275	2598
1275	3161
1275	7514
1276	225
1277	1884
1279	648
1279	723
1279	1298
1279	1342
1279	2008
1279	2548
1279	3235
1279	3340
1279	3772
1279	4075
1279	5978
1279	6728
1279	6917
1280	2
1280	33
1280	44
1280	167
1280	416
1280	997
1281	413
1281	2765
1281	3125
1281	6274
1282	21
1282	3149
1282	3608
1283	39
1283	625
1283	5040
1283	7507
1283	8928
1284	5625
1285	3320
1286	159
1287	630
1287	6445
1288	26
1288	158
1288	625
1288	940
1288	1290
1288	1679
1288	2577
1288	5101
1289	2685
1289	7188
1289	9588
1290	11
1290	186
1290	1591
1290	5009
1290	5032
1290	5156
1290	5238
1290	8447
1290	8448
1291	95
1291	757
1291	1249
1291	1251
1291	2572
1291	5197
1292	5670
1292	6108
1292	7873
1293	983
1293	8234
1294	546
1294	5234
1294	8138
1296	3896
1296	4006
1298	313
1298	1731
1298	4143
1299	1749
1299	3165
1299	5312
1299	6970
1300	5781
1300	7197
1301	944
1301	1874
1301	2641
1301	2817
1301	3834
1302	9845
1303	2854
1303	7035
1304	1076
1305	5312
1305	8794
1308	24
1308	108
1308	819
1308	1358
1308	1377
1308	1838
1308	2774
1308	5222
1308	5480
1309	34
1309	1251
1309	1602
1309	5000
1310	147
1310	332
1310	3137
1310	4399
1310	8165
1312	687
1312	5046
1313	7042
1314	413
1315	244
1316	335
1319	78
1319	1180
1319	7109
1323	5000
1326	6548
1327	11
1327	183
1327	689
1327	1571
1327	1591
1327	2022
1327	2823
1327	3170
1327	3788
1327	4072
1327	5796
1327	9090
1328	172
1328	666
1328	782
1328	1334
1329	140
1329	4101
1329	8799
1330	529
1330	1096
1330	3675
1330	3786
1330	4079
1330	6735
1330	7715
1330	8199
1331	11
1331	654
1331	3823
1332	39
1332	172
1332	990
1332	2525
1332	2581
1332	3550
1332	5016
1332	5063
1332	5245
1333	167
1333	859
1333	939
1334	5143
1334	7023
1335	992
1335	5712
1335	6435
1336	2608
1337	249
1337	791
1337	1133
1337	2200
1337	5793
1337	7601
1337	8124
1338	276
1338	649
1338	1427
1338	3515
1338	4072
1338	6230
1338	7538
1339	195
1340	234
1340	1096
1340	2671
1340	2739
1340	7538
1341	80
1341	5796
1342	3009
1342	8360
1343	950
1343	2028
1343	4064
1343	5039
1343	6249
1346	5688
1347	5004
1347	5019
1347	9003
1348	524
1348	1147
1348	2153
1349	405
1349	713
1349	3128
1349	7602
1351	4224
1352	1448
1353	1016
1354	527
1354	1487
1354	4062
1356	5390
1357	630
1357	3205
1357	5894
1358	2
1359	197
1362	3757
1362	4579
1363	328
1365	1586
1366	747
1366	3948
1367	9
1367	469
1367	635
1367	6409
1368	685
1368	5000
1369	1888
1369	2227
1370	631
1370	2590
1370	5021
1371	7501
1372	7809
1373	1274
1373	5225
1373	9140
1374	5647
1375	3218
1375	8162
1376	843
1376	4890
1376	7970
1377	9397
1379	400
1379	3196
1379	3371
1379	3912
1379	6591
1381	5012
1382	158
1382	2043
1382	5322
1382	9017
1386	5069
1386	6679
1386	7044
1387	514
1387	653
1387	1065
1387	6410
1390	4062
1391	192
1392	1270
1392	3451
1393	7958
1396	4393
1400	3519
1401	1579
1401	2820
1401	5066
1403	5139
1406	0
1406	88
1406	159
1406	166
1406	442
1406	1217
1406	1269
1406	1876
1406	2670
1406	2801
1406	4228
1406	5158
1406	6582
1406	8929
1407	285
1407	1288
1407	2891
1407	3066
1407	3163
1407	5185
1407	6885
1407	9845
1408	942
1408	2589
1408	5004
1409	635
1409	5636
1409	5735
1409	6507
1410	200
1410	5008
1410	5724
1412	626
1412	1252
1412	1699
1412	2739
1412	5121
1413	469
1413	2699
1413	6277
1414	2538
1415	313
1415	440
1415	1484
1415	1640
1415	2044
1415	2499
1415	7994
1417	1093
1417	2607
1417	5012
1418	808
1418	2356
1418	7758
1420	2
1420	278
1420	6908
1423	86
1424	8642
1425	80
1425	2511
1425	3831
1425	5630
1425	7617
1426	1075
1426	1309
1426	5019
1426	8868
1427	20
1427	2187
1427	2371
1427	8245
1428	245
1428	335
1428	707
1428	2587
1428	5196
1429	3244
1429	5339
1430	175
1430	6919
1430	8237
1431	8564
1431	9531
1432	1251
1432	5474
1433	5483
1434	80
1434	3668
1435	634
1435	2812
1435	5046
1435	5508
1435	5650
1435	8312
1435	8781
1436	5419
1438	1786
1440	252
1440	3133
1442	3311
1444	3124
1445	2813
1445	4249
1445	5018
1445	6592
1445	8156
1446	1443
1446	4482
1446	7604
1446	8808
1447	1093
1447	2754
1448	2215
1448	2754
1448	2892
1448	5160
1448	5937
1449	2201
1449	5624
1450	892
1450	2505
1450	2579
1451	2875
1452	91
1452	1562
1452	3770
1453	1478
1454	324
1454	2032
1454	6348
1455	1550
1455	6232
1456	5552
1456	8440
1457	3
1457	8381
1459	3
1459	5329
1460	169
1460	1484
1460	2568
1460	5781
1460	6251
1464	821
1465	1572
1465	7665
1465	7852
1466	5273
1470	317
1470	8984
1471	706
1471	2676
1471	8213
1474	5027
1475	1944
1477	1772
1479	8836
1481	1162
1484	719
1484	782
1484	942
1484	3379
1484	6562
1484	7825
1485	8189
1486	1584
1486	2907
1486	3595
1486	5314
1486	7538
1487	95
1487	467
1487	6315
1488	2618
1488	2784
1489	2541
1489	2580
1489	2734
1490	2631
1492	5058
1493	31
1493	687
1493	1418
1493	8985
1494	5616
1496	1933
1496	3775
1496	6660
1497	2193
1498	1084
1501	2189
1502	137
1503	3240
1504	238
1504	417
1504	1408
1504	3613
1504	5126
1506	6252
1508	4083
1510	5635
1513	653
1513	7824
1515	2851
1519	6300
1520	1288
1520	1989
1523	1419
1523	6292
1524	347
1524	3216
1524	7541
1525	6601
1525	8013
1526	2582
1529	783
1534	5
1534	782
1534	1589
1534	1943
1535	6761
1536	5102
1539	5234
1540	7679
1541	5116
1542	2558
1542	3127
1542	8105
1543	20
1543	1572
1543	3760
1545	781
1547	1357
1548	7969
1552	2033
1559	5059
1562	180
1562	3332
1562	3974
1562	5010
1562	5168
1562	5634
1562	5694
1562	6338
1562	8202
1563	86
1563	1954
1564	122
1564	156
1564	234
1564	708
1564	1876
1564	2480
1564	2499
1564	2682
1564	5100
1565	654
1565	3130
1565	5001
1565	5312
1565	7012
1565	7936
1565	8329
1567	1033
1567	4708
1567	5002
1567	6293
1568	738
1569	430
1569	2527
1570	597
1570	1113
1570	7505
1572	5
1572	474
1572	476
1572	1059
1572	3984
1572	4385
1572	5980
1572	6303
1572	9468
1573	1311
1573	6269
1573	7565
1574	3
1574	968
1574	5958
1575	1573
1575	3130
1575	3476
1576	2812
1576	3237
1577	432
1577	1926
1578	6204
1579	1945
1579	4849
1581	35
1581	735
1581	4296
1581	5207
1581	5952
1582	42
1582	1719
1582	4391
1583	1263
1583	2641
1583	8930
1584	406
1584	2499
1584	3174
1584	3531
1584	5632
1585	20
1586	3764
1586	5405
1586	5829
1587	31
1587	160
1587	3437
1587	7853
1588	7265
1589	197
1589	7099
1590	164
1591	7576
1592	5214
1592	6274
1593	167
1596	4389
1601	1249
1601	1341
1601	2592
1601	2626
1601	5627
1602	1503
1603	691
1603	1426
1603	5918
1603	8013
1603	9460
1604	893
1604	5066
1605	2501
1606	317
1606	2851
1606	4072
1607	303
1607	472
1607	8320
1609	216
1611	3
1611	789
1611	4236
1612	2831
1612	2891
1613	371
1614	918
1615	52
1616	215
1616	636
1617	1294
1617	5117
1618	2568
1620	374
1620	2872
1620	9394
1621	5839
1621	7109
1622	971
1622	1291
1622	2051
1622	5976
1623	315
1623	2158
1625	103
1625	644
1625	7059
1627	6579
1628	1279
1630	6269
1630	6568
1631	1889
1633	3267
1635	5874
1639	1
1639	5176
1640	1974
1640	3119
1640	7607
1641	167
1641	722
1641	1338
1641	3146
1641	6598
1641	7068
1642	244
1642	650
1642	1032
1642	5507
1643	3926
1644	1960
1644	4609
1645	41
1645	8845
1645	8933
1646	43
1646	1343
1646	7661
1647	2978
1648	100
1650	1406
1652	832
1652	1249
1654	7565
1655	94
1655	2432
1655	2509
1655	2540
1658	78
1659	1057
1659	1058
1660	30
1660	5644
1661	1259
1661	7412
1662	2045
1663	1952
1664	400
1664	2678
1669	5626
1670	9465
1674	2800
1675	2696
1679	711
1679	1294
1680	2187
1680	9097
1681	122
1684	7580
1685	1586
1689	2041
1689	2201
1689	3835
1689	5317
1694	9130
1699	1260
1699	3310
1701	2
1702	487
1702	7509
1716	8282
1717	8130
1718	3
1718	644
1718	1569
1718	5666
1718	6253
1719	274
1719	5078
1720	343
1720	444
1720	5178
1721	49
1723	1251
1724	236
1724	1370
1724	3787
1725	5801
1728	10
1728	1597
1728	2302
1729	143
1735	6381
1738	3955
1738	5082
1739	7501
1739	8445
1740	322
1742	609
1742	5314
1743	427
1746	8827
1748	3986
1749	7133
1750	5762
1750	6290
1751	1911
1752	2522
1755	508
1757	52
1758	324
1758	1354
1758	2606
1758	6352
1759	411
1763	4492
1767	2506
1767	2875
1769	2294
1772	2560
1774	2568
1775	1880
1775	6492
1777	22
1778	1954
1778	9477
1783	1291
1785	2726
1786	9116
1789	21
1791	2874
1793	3827
1796	649
1796	5409
1800	1797
1801	1298
1801	2275
1801	7505
1802	937
1802	3442
1807	781
1810	908
1812	5181
1814	6180
1816	163
1816	347
1816	3450
1817	738
1818	667
1818	1354
1818	1726
1819	1564
1821	5725
1828	5801
1831	4855
1835	1255
1836	646
1838	2696
1838	4404
1840	39
1849	6874
1855	6816
1860	5961
1862	3976
1862	4460
1865	3830
1865	5092
1874	1368
1874	1423
1874	2501
1874	2676
1874	5205
1874	5573
1874	5664
1874	7060
1875	21
1875	71
1875	313
1875	781
1875	1157
1875	1260
1875	2513
1875	2671
1875	3748
1875	4380
1876	2
1876	116
1876	147
1876	206
1876	623
1876	790
1876	3361
1876	4548
1876	8207
1877	142
1877	1991
1877	2075
1878	1417
1878	3749
1878	4161
1879	91
1879	1429
1879	2211
1879	4142
1879	8371
1879	8907
1880	60
1880	3220
1881	89
1881	1267
1881	5638
1882	117
1882	781
1883	5198
1884	3
1884	905
1884	3046
1884	3317
1884	9024
1885	2751
1885	6257
1885	7638
1886	1289
1887	3
1887	7031
1887	8935
1888	2848
1888	3995
1889	5468
1889	6621
1890	325
1890	1891
1891	0
1891	28
1891	372
1891	1884
1891	6453
1891	7516
1893	6977
1894	17
1894	1612
1894	1813
1894	2207
1894	2695
1895	45
1895	126
1895	6406
1895	6984
1896	2295
1896	3823
1896	6816
1896	6880
1897	9304
1898	216
1899	1327
1899	1603
1899	2594
1900	210
1902	1606
1902	6299
1904	4
1904	2360
1904	7501
1905	5078
1905	5312
1905	5843
1906	5007
1906	5468
1911	1036
1913	6271
1913	6294
1914	2
1914	941
1914	5090
1915	332
1915	5160
1915	5223
1915	5468
1915	7840
1915	8165
1916	128
1916	255
1916	3291
1916	5048
1917	1697
1918	32
1920	2530
1921	963
1923	450
1923	3841
1923	8764
1924	2820
1924	6294
1926	560
1926	1272
1926	8749
1928	2620
1931	5002
1933	5160
1934	530
1934	5417
1934	7326
1935	745
1935	6541
1937	4242
1938	861
1939	3287
1940	1055
1940	5372
1941	251
1941	1177
1943	275
1943	5098
1944	2520
1946	178
1946	2582
1949	4346
1950	1567
1951	8874
1952	381
1952	2149
1952	2942
1953	196
1953	244
1953	5235
1954	655
1954	5449
1954	8312
1955	6153
1955	9034
1956	7756
1957	637
1957	2813
1957	5474
1958	5673
1959	4892
1959	4999
1960	110
1960	8635
1961	6016
1962	294
1962	1454
1962	5120
1962	6980
1963	2706
1963	5561
1965	128
1965	1893
1968	3
1968	725
1969	961
1971	2618
1972	400
1972	1269
1972	7517
1973	8
1973	217
1973	875
1973	917
1973	1265
1973	1592
1974	2969
1975	647
1975	5019
1975	5547
1979	3443
1979	8371
1980	4714
1981	885
1982	5636
1991	8
1991	808
1991	1404
1991	5016
1992	239
1992	245
1992	5660
1993	3847
1993	8169
1995	43
1995	3751
1996	378
1996	1097
1996	5162
1998	3174
2001	705
2001	3000
2002	81
2002	318
2002	3204
2004	3957
2006	7963
2007	275
2007	781
2010	1351
2011	2656
2012	21
2017	4374
2020	5394
2024	869
2031	353
2031	555
2031	627
2031	660
2031	1724
2031	3796
2031	6327
2031	8177
2032	1328
2032	1762
2033	886
2034	195
2034	3447
2035	1249
2035	2619
2036	1181
2037	1406
2037	6249
2038	3196
2038	3205
2038	5001
2040	88
2040	5663
2041	633
2042	2714
2043	966
2043	4167
2045	1537
2048	1652
2049	3327
2050	161
2050	2110
2050	7677
2051	7347
2053	1251
2053	3283
2055	30
2057	73
2058	5218
2061	2657
2062	2844
2065	450
2065	3113
2070	28
2071	238
2071	1654
2071	5629
2072	5080
2073	547
2075	40
2075	405
2076	117
2076	966
2079	1448
2083	769
2089	2540
2090	6598
2090	7883
2092	2816
2094	8135
2098	2892
2099	3457
2109	2546
2109	4653
2109	5901
2111	5424
2114	1409
2114	1534
2114	8600
2118	3671
2127	1093
2127	1894
2128	747
2129	5957
2129	6308
2138	2556
2140	638
2140	700
2143	2519
2144	4973
2148	5340
2148	8140
2150	5168
2151	4081
2155	4404
2155	8909
2158	8293
2170	2878
2171	3452
2171	5625
2175	3132
2187	81
2187	527
2187	821
2187	5318
2187	5560
2188	3830
2188	5087
2188	5182
2189	10
2189	313
2189	2509
2189	5239
2189	7544
2190	718
2192	2347
2192	3128
2192	5080
2193	9222
2194	816
2195	8469
2197	9
2197	384
2197	842
2197	1564
2197	6900
2198	2
2198	1954
2202	94
2205	1961
2205	7049
2206	1369
2206	1606
2206	4531
2206	5254
2207	122
2207	1993
2207	7192
2208	54
2208	1274
2208	3124
2208	4999
2208	7830
2212	793
2212	1924
2216	1309
2218	236
2226	420
2226	634
2226	2520
2226	3008
2227	78
2228	2554
2228	5351
2231	1260
2231	3454
2231	7851
2232	5085
2236	5693
2237	6696
2238	12
2239	3910
2241	6102
2241	8760
2243	7934
2244	942
2245	3066
2247	5001
2248	156
2248	6332
2249	274
2250	3769
2250	5019
2252	2973
2253	3516
2253	6296
2255	950
2255	3151
2265	1406
2265	7534
2266	2978
2270	5001
2272	5171
2275	9240
2281	447
2282	667
2282	2757
2284	165
2284	2035
2284	9430
2289	1897
2290	313
2290	2639
2297	4395
2299	1376
2299	2971
2300	1100
2304	1249
2304	7626
2305	3995
2307	2584
2308	7597
2309	2902
2313	4999
2314	2
2314	8
2314	657
2314	7841
2316	9394
2319	1290
2321	5625
2324	252
2325	5669
2328	1916
2331	4453
2333	5097
2341	1252
2343	1144
2343	1428
2343	1439
2344	0
2344	276
2344	1685
2344	8949
2345	391
2345	2602
2345	2814
2345	3339
2347	361
2347	3786
2347	5196
2348	3379
2349	4169
2349	4389
2349	5009
2350	5383
2353	870
2353	1249
2355	635
2356	5468
2356	6429
2363	7539
2369	1973
2369	3144
2378	3838
2385	943
2385	7577
2387	823
2387	5608
2387	7022
2389	5004
2395	708
2398	7706
2404	4249
2405	3597
2407	2671
2417	416
2422	561
2424	3965
2427	3943
2429	743
2433	3847
2435	733
2451	938
2452	650
2463	75
2463	395
2463	1271
2463	2696
2463	5066
2465	471
2473	647
2481	6640
2490	19
2499	0
2499	6
2499	315
2499	703
2499	799
2499	874
2499	888
2499	1000
2499	1487
2499	1580
2499	1900
2499	2364
2499	3208
2499	3764
2499	3886
2499	3965
2499	5647
2499	5937
2499	6469
2499	6631
2499	6660
2499	6840
2499	7543
2499	7826
2499	8764
2499	9453
2500	121
2500	1264
2500	1569
2500	3130
2500	4465
2500	5008
2500	5601
2500	6251
2500	6869
2500	7051
2500	9064
2501	52
2501	771
2501	1375
2501	1877
2501	1965
2501	3986
2501	4086
2501	5001
2501	5908
2501	5972
2501	6017
2501	6288
2501	9560
2502	489
2502	547
2502	603
2502	822
2502	939
2502	1645
2502	3066
2502	5042
2502	6881
2502	6954
2502	7659
2503	2819
2504	101
2504	1371
2504	2409
2504	2582
2504	5390
2504	6495
2504	7499
2505	38
2505	163
2505	186
2505	352
2505	674
2505	1753
2505	3803
2505	6293
2505	9072
2507	1569
2507	2523
2507	3774
2507	4810
2507	5146
2508	1964
2509	111
2509	687
2509	922
2509	1330
2509	1406
2509	2657
2509	2892
2509	5330
2509	8790
2509	8879
2510	749
2510	1249
2510	1269
2510	2658
2510	3159
2511	6
2511	22
2511	2656
2512	315
2512	822
2512	1347
2512	2501
2512	5092
2512	6484
2512	9690
2513	5549
2514	65
2514	519
2514	1406
2514	2626
2514	5488
2515	326
2515	1566
2515	2548
2515	3132
2515	8752
2516	339
2517	2314
2517	2861
2517	3292
2518	127
2518	2192
2519	186
2519	330
2519	493
2519	828
2519	1292
2519	1356
2519	2890
2519	5416
2519	5867
2519	6288
2519	7753
2520	79
2520	645
2520	1652
2520	2227
2520	5022
2520	5342
2520	9454
2520	9789
2521	373
2521	425
2521	490
2521	1572
2521	1663
2521	3193
2521	3205
2521	5429
2522	44
2522	2991
2522	4228
2522	5118
2522	5168
2522	6642
2523	2970
2523	6905
2523	8125
2524	22
2524	30
2524	36
2524	80
2524	885
2524	1504
2524	1827
2524	2551
2524	5918
2524	7040
2524	7198
2524	9152
2525	937
2526	235
2526	352
2526	626
2526	2631
2526	5741
2527	999
2527	1104
2528	2563
2529	65
2529	1683
2529	3869
2529	7577
2529	8002
2531	630
2532	2424
2532	3752
2532	5788
2532	8793
2533	3754
2533	6467
2533	7032
2533	7187
2534	530
2534	7827
2535	315
2535	7675
2537	2167
2538	333
2538	1254
2538	1562
2538	2978
2538	3617
2538	3755
2538	5761
2538	8682
2539	78
2539	1263
2539	5160
2539	6304
2539	6598
2540	67
2540	2034
2540	5837
2541	45
2541	78
2541	966
2541	1513
2541	4999
2541	5151
2541	5477
2543	240
2543	1163
2543	1289
2543	1450
2543	3791
2543	4133
2543	5334
2544	396
2544	6506
2545	49
2545	6806
2546	3147
2547	49
2547	239
2548	667
2548	3193
2548	3750
2548	3780
2548	8355
2548	8937
2549	1269
2549	1471
2549	2551
2549	4921
2553	167
2553	981
2553	5002
2554	7
2555	709
2558	49
2558	84
2558	937
2558	5044
2558	5412
2558	7814
2559	8917
2560	588
2560	1329
2560	1498
2560	2877
2560	5167
2562	85
2562	98
2562	2872
2563	7697
2564	4307
2567	951
2569	263
2569	2053
2573	1398
2573	3813
2574	2719
2574	7535
2577	75
2577	199
2577	229
2577	378
2577	391
2577	900
2577	1292
2577	1583
2577	6659
2577	7558
2578	694
2578	3360
2578	3476
2578	4556
2578	5224
2578	5784
2579	81
2579	1265
2579	1952
2579	2231
2579	2636
2579	3359
2579	3716
2580	586
2580	2980
2580	3143
2580	4379
2580	5141
2580	5821
2580	7510
2581	3290
2581	7578
2582	78
2582	247
2582	1290
2582	5236
2583	0
2583	5637
2584	2667
2584	3137
2584	9181
2585	3281
2585	4452
2585	7859
2586	2671
2587	840
2587	2402
2587	6804
2588	99
2588	3770
2588	7852
2590	744
2590	1263
2590	2257
2590	3207
2590	5084
2590	5086
2592	137
2592	1137
2594	83
2595	1249
2595	3310
2595	5153
2598	1348
2598	3989
2598	4638
2598	5004
2598	6328
2599	120
2599	177
2599	284
2599	9382
2600	637
2600	2502
2601	7753
2602	368
2602	5469
2602	5630
2602	6256
2603	5005
2604	1259
2604	3459
2604	7815
2605	5312
2606	2570
2607	3158
2607	8149
2607	8906
2608	1572
2608	3608
2609	2597
2609	5019
2610	133
2610	1581
2610	5617
2613	236
2616	10
2616	31
2616	2656
2616	2657
2616	5041
2616	7045
2617	2858
2618	40
2618	705
2618	2695
2618	3478
2619	6350
2619	6894
2620	5949
2621	1007
2621	1299
2621	3288
2621	5034
2621	6913
2622	3846
2623	356
2623	1309
2626	335
2626	815
2626	3809
2626	5079
2627	4219
2627	7037
2629	983
2629	6214
2631	800
2631	1094
2631	6057
2631	7519
2632	1797
2634	6576
2636	216
2636	5085
2636	6275
2637	4999
2638	635
2638	2549
2639	254
2640	100
2641	1408
2641	1419
2641	5508
2642	4
2642	2848
2643	315
2645	6718
2646	3790
2646	5334
2648	1623
2648	5898
2656	10
2656	63
2656	65
2656	275
2656	785
2656	1738
2656	2280
2656	2569
2656	2636
2656	2734
2656	3762
2656	4377
2656	7540
2656	7604
2656	8169
2656	9629
2656	9923
2657	17
2657	25
2657	252
2657	1252
2657	1965
2657	5156
2657	6005
2657	6083
2657	7278
2658	30
2658	323
2658	839
2658	2406
2658	7737
2659	2558
2660	20
2660	84
2660	522
2660	3017
2660	3456
2660	5094
2660	6279
2660	6333
2660	7524
2660	9219
2661	3
2661	22
2661	80
2661	112
2661	3937
2661	4308
2661	7499
2661	7502
2662	3912
2662	5171
2662	7502
2663	3603
2665	43
2665	180
2665	1249
2665	3187
2665	3383
2665	3441
2665	6346
2667	3218
2667	5030
2668	30
2668	244
2668	969
2668	1032
2669	733
2669	3010
2670	8
2670	80
2670	478
2670	2980
2673	176
2673	5333
2673	6152
2674	114
2675	1471
2675	3209
2675	5714
2676	632
2676	1309
2676	1486
2676	2950
2676	3125
2676	5024
2677	7075
2678	3325
2679	2
2679	1977
2679	5014
2679	5549
2680	5001
2680	5429
2681	1399
2681	1744
2682	7504
2682	8749
2685	355
2685	502
2686	1410
2687	2050
2687	3813
2687	7540
2688	4504
2689	5033
2690	20
2690	2775
2691	1286
2691	3754
2695	177
2695	915
2695	5084
2695	5089
2695	9274
2696	232
2696	6959
2699	5038
2700	6
2700	2892
2701	27
2701	78
2701	158
2702	2540
2703	645
2703	4332
2703	5134
2703	5275
2704	2126
2706	2
2709	2902
2709	8086
2712	281
2712	1272
2712	2906
2713	6952
2714	5840
2715	140
2715	1973
2715	7294
2716	5276
2718	5068
2720	44
2720	8917
2724	726
2724	2552
2724	3791
2724	7890
2725	313
2725	7997
2726	3862
2729	5376
2730	9145
2734	294
2734	318
2734	2052
2734	2676
2734	4134
2734	5081
2734	6279
2734	7501
2735	359
2735	2831
2735	7847
2736	4062
2737	9
2737	3486
2737	5947
2739	6603
2740	9
2741	98
2742	625
2742	2504
2743	355
2745	628
2746	204
2746	1406
2746	1887
2746	2891
2747	5014
2748	5071
2749	1182
2749	4864
2750	238
2754	8207
2756	5343
2758	114
2758	9610
2759	1491
2759	7970
2760	7856
2764	3898
2764	5765
2766	2510
2770	1452
2770	7359
2773	470
2773	515
2773	5032
2773	5577
2774	41
2774	117
2774	5075
2774	5112
2775	0
2775	1422
2775	2006
2775	2549
2775	6656
2776	106
2778	8749
2780	2095
2781	646
2783	625
2784	654
2785	5888
2787	9772
2788	2707
2792	7443
2793	180
2793	2889
2793	4023
2793	7700
2795	5547
2802	5089
2802	5204
2804	2596
2805	2519
2807	6301
2812	1
2812	938
2812	1328
2812	1335
2812	1645
2812	2726
2812	2836
2812	5283
2812	9506
2813	144
2813	508
2813	2148
2813	2501
2813	4094
2813	7530
2814	1878
2814	2544
2814	6311
2814	7876
2815	80
2815	99
2815	1057
2815	1471
2815	2499
2815	2656
2815	6027
2816	625
2817	153
2817	1624
2817	2363
2819	280
2819	4375
2819	8158
2821	2608
2821	6047
2821	6381
2822	2781
2822	3870
2822	4811
2822	5151
2822	6878
2823	30
2823	86
2824	788
2824	1249
2825	30
2825	5075
2826	3190
2826	5093
2826	6411
2827	5547
2828	1321
2828	1513
2828	5312
2831	947
2831	2533
2831	4063
2832	19
2832	474
2832	1889
2832	5358
2833	13
2833	1288
2833	7578
2834	4233
2834	8796
2835	5024
2835	6294
2835	8130
2835	8312
2836	46
2836	783
2836	5068
2838	323
2839	1293
2840	5495
2841	664
2841	5654
2842	899
2842	1096
2844	88
2845	1
2847	1640
2849	5234
2849	8291
2850	2568
2851	0
2851	678
2851	941
2851	2924
2851	3019
2851	4396
2851	4609
2852	748
2852	2111
2852	7199
2853	34
2853	139
2853	483
2853	805
2853	961
2853	1336
2854	2269
2855	809
2856	314
2856	2304
2856	3798
2857	1818
2857	7603
2861	2525
2861	7588
2861	9638
2862	2661
2863	625
2863	6539
2863	8000
2864	7520
2866	117
2866	644
2866	3301
2868	157
2870	13
2870	158
2870	538
2870	1251
2870	1383
2870	2590
2870	4098
2870	5713
2870	5811
2872	5956
2873	4786
2873	6545
2875	5549
2876	966
2876	3798
2876	4579
2877	674
2878	1171
2878	8211
2883	5353
2885	2525
2886	1292
2890	2
2890	70
2890	391
2890	7815
2891	1
2891	183
2891	5967
2892	17
2892	375
2892	389
2892	2206
2892	3837
2893	3995
2894	0
2894	707
2895	969
2895	6802
2896	2383
2898	1719
2900	88
2900	716
2900	903
2900	4385
2900	5190
2901	2732
2901	5340
2901	5859
2902	444
2902	2504
2902	5088
2906	7324
2907	6973
2909	792
2909	1329
2910	1694
2914	1299
2915	3185
2916	1614
2916	5800
2920	6583
2922	5342
2923	7933
2929	5670
2929	6132
2930	1361
2931	50
2932	5268
2933	3511
2934	74
2934	325
2934	6418
2939	1806
2939	1969
2948	1894
2949	2747
2949	5634
2950	3249
2950	6366
2952	785
2952	2268
2953	157
2953	4805
2959	5390
2960	5937
2966	20
2966	5084
2968	5198
2968	7582
2969	3
2969	259
2969	1821
2969	2660
2970	376
2970	2584
2970	2822
2970	5473
2970	7637
2971	9072
2973	1847
2973	6269
2974	5649
2974	8830
2975	117
2975	651
2975	947
2975	2674
2977	3525
2978	804
2978	3469
2978	6252
2983	785
2985	626
2988	353
2989	405
2989	1348
2989	2549
2990	7582
2991	3467
2991	9415
2992	694
2992	5107
2992	5709
2992	6468
2992	7978
2993	8671
2994	4999
2994	7382
2996	5713
2997	137
2997	1669
2997	6368
2998	3796
2999	6355
3000	5440
3004	7587
3008	21
3008	3175
3008	5718
3010	6407
3011	2862
3011	8282
3011	8813
3011	9512
3012	1250
3012	3564
3014	2815
3016	66
3016	440
3016	626
3017	3774
3018	118
3018	954
3021	5843
3024	2661
3027	129
3027	1335
3027	2045
3027	2707
3028	432
3030	1562
3034	1563
3034	5176
3036	7014
3041	3010
3043	6296
3046	814
3046	1633
3046	2812
3046	2828
3046	7505
3047	5815
3047	7756
3049	35
3049	1666
3049	4589
3049	6434
3050	6473
3051	635
3052	5012
3052	6249
3053	204
3054	1914
3055	1486
3058	674
3058	3916
3058	6018
3060	313
3061	159
3067	666
3070	5927
3071	215
3071	3184
3071	3202
3074	5485
3075	3984
3075	5148
3079	5050
3086	5566
3090	317
3092	3866
3094	2861
3100	742
3105	6751
3106	1476
3107	200
3107	746
3110	2519
3112	743
3114	1726
3116	3615
3121	801
3124	3
3124	1289
3124	1310
3124	1581
3124	2636
3124	2814
3124	3515
3124	5126
3124	5647
3124	6026
3124	6574
3125	898
3125	2530
3125	2541
3125	3137
3125	5315
3126	2
3126	277
3126	548
3126	1407
3126	2851
3126	5474
3126	5790
3127	125
3127	192
3127	1821
3127	2504
3127	3749
3127	5322
3128	839
3128	1292
3128	2432
3129	89
3129	1343
3129	3046
3129	3461
3129	5165
3130	476
3130	2346
3130	3638
3130	5158
3130	5781
3130	7973
3130	9261
3130	9385
3131	3908
3132	8
3132	355
3132	1678
3132	6417
3133	682
3134	206
3134	5010
3134	5634
3135	6
3135	1403
3135	2502
3135	3888
3135	6679
3136	283
3136	5870
3137	6064
3137	6315
3137	8368
3138	2505
3139	138
3140	631
3140	6724
3141	1445
3144	203
3144	313
3144	410
3144	1330
3144	1913
3145	20
3146	1335
3147	1462
3147	5196
3147	8141
3148	1318
3150	98
3150	5019
3151	4223
3151	5197
3154	656
3155	11
3155	688
3155	1614
3155	2051
3155	2753
3155	5033
3160	655
3160	6592
3160	6796
3161	239
3162	6
3162	7501
3163	52
3163	197
3163	471
3163	627
3163	1475
3163	2507
3163	5048
3164	1
3164	2978
3164	3847
3164	5180
3165	3456
3165	7502
3166	4809
3166	6327
3166	8139
3166	8160
3166	8204
3167	172
3168	1255
3168	1296
3168	6777
3168	7231
3169	4306
3171	9150
3173	553
3173	7695
3176	5129
3177	2526
3177	4385
3177	5640
3179	1504
3179	7216
3179	9145
3180	4103
3183	315
3183	5068
3183	7968
3183	8254
3184	8788
3184	9531
3185	569
3185	3978
3188	439
3189	1269
3190	428
3190	811
3191	1921
3193	5626
3196	2028
3199	241
3202	589
3202	763
3202	1477
3202	3367
3202	6883
3202	9230
3203	3129
3203	4423
3203	6296
3203	7705
3204	5346
3204	7661
3205	5015
3205	5318
3205	6108
3207	3289
3207	5053
3208	152
3208	8131
3212	1408
3212	1578
3212	3130
3213	3815
3213	9388
3214	336
3214	805
3214	3761
3214	4064
3215	1256
3215	6276
3218	625
3221	50
3222	2
3222	2847
3223	79
3223	1270
3227	1432
3227	7187
3231	1966
3232	471
3232	2739
3233	6412
3237	1266
3237	2671
3241	245
3241	5315
3241	5635
3241	5964
3243	1257
3243	7531
3243	8751
3244	52
3244	2665
3244	2822
3245	6252
3246	313
3246	1686
3246	2624
3246	4699
3246	5009
3246	5044
3251	1021
3251	6255
3251	8457
3251	9040
3253	2
3256	395
3258	1995
3260	197
3262	1490
3262	2596
3265	6406
3268	2504
3271	626
3272	1910
3276	8184
3281	94
3281	1885
3281	2267
3281	2314
3281	2988
3281	4999
3282	166
3282	3157
3282	5707
3284	338
3284	2546
3285	8
3286	342
3287	4141
3289	724
3290	274
3291	1914
3292	93
3292	2746
3292	5235
3293	159
3293	398
3293	966
3293	2504
3293	2588
3293	3300
3294	13
3296	474
3298	5009
3300	20
3300	225
3300	937
3300	1079
3300	7507
3301	460
3302	139
3303	5163
3303	6372
3305	1563
3306	7815
3307	5055
3310	2640
3313	5800
3315	646
3320	0
3320	752
3320	5976
3321	4999
3323	356
3323	2618
3325	1888
3326	177
3326	1720
3327	391
3328	1019
3329	1420
3332	1365
3332	3835
3335	3782
3338	1
3342	5937
3345	3599
3346	5624
3350	3188
3351	5359
3359	1338
3360	41
3360	2734
3361	3830
3362	2935
3362	3154
3364	337
3364	1103
3365	1486
3366	5059
3368	2118
3371	8049
3372	3915
3373	338
3373	1495
3375	7968
3378	3462
3378	5063
3379	9398
3382	1884
3386	237
3386	2598
3388	444
3388	5328
3389	7273
3393	4726
3394	330
3399	752
3399	7565
3400	41
3401	4714
3403	1123
3403	2853
3405	4142
3408	1563
3411	5098
3412	81
3412	2583
3424	6103
3425	8779
3437	285
3437	1259
3437	1536
3437	1585
3437	3165
3437	4427
3437	4474
3437	6952
3438	5314
3439	206
3439	626
3440	2499
3441	2549
3442	2397
3442	3075
3442	3282
3442	7856
3443	5
3444	36
3445	6876
3447	0
3447	1415
3447	3264
3448	628
3448	868
3448	8052
3450	645
3450	1944
3450	6896
3450	7092
3451	346
3457	234
3458	2579
3459	98
3459	2862
3460	625
3461	5491
3466	2
3466	1327
3466	1910
3469	5156
3473	237
3476	1643
3476	5954
3476	7734
3478	17
3478	763
3478	807
3478	5977
3480	1562
3480	6386
3481	30
3481	724
3481	4101
3484	2341
3486	52
3486	1445
3486	1656
3486	6915
3486	7974
3487	4130
3488	2500
3489	218
3495	7597
3496	5237
3497	627
3497	3281
3497	5137
3501	7545
3502	411
3505	1685
3506	3985
3511	4133
3516	796
3516	830
3516	6318
3517	4804
3517	6768
3520	634
3520	3451
3521	5093
3522	5942
3523	157
3524	4999
3525	5395
3525	9748
3526	1259
3528	3378
3533	193
3536	1026
3536	1266
3537	1310
3554	1518
3554	2598
3554	2839
3556	1718
3558	2618
3559	81
3559	7658
3560	1907
3561	7736
3563	5356
3565	6863
3569	451
3569	3096
3578	7657
3579	2355
3580	1140
3583	7972
3593	5158
3593	5997
3593	8222
3594	98
3595	2083
3596	99
3596	5784
3597	1140
3598	1016
3598	6343
3599	2582
3599	2678
3599	4074
3603	8642
3603	9142
3605	7197
3607	1647
3608	5001
3609	6155
3614	642
3614	775
3615	802
3624	1294
3624	5547
3634	4457
3635	315
3639	236
3642	1328
3647	705
3647	2531
3648	2890
3653	2231
3661	255
3671	4419
3671	7748
3672	158
3672	976
3674	249
3677	8326
3681	25
3698	316
3698	5375
3701	8056
3712	2526
3716	317
3716	5644
3717	343
3717	952
3749	81
3749	352
3749	751
3749	782
3749	1339
3750	414
3750	5191
3750	5331
3751	859
3751	1264
3751	1582
3751	5055
3751	6940
3751	7538
3751	7873
3752	130
3752	173
3752	452
3752	486
3752	2511
3752	6915
3752	7861
3752	9106
3753	244
3753	254
3754	372
3754	1563
3754	1680
3754	2972
3754	3362
3754	3832
3754	7812
3754	8918
3755	2581
3757	7012
3759	42
3759	2526
3759	6044
3759	7110
3759	7828
3760	1293
3760	4113
3760	8777
3762	6249
3763	303
3764	1406
3764	8880
3765	5644
3768	99
3769	677
3769	1674
3769	5420
3769	5946
3770	2499
3771	630
3771	655
3771	1339
3771	4694
3772	1100
3773	5
3773	5059
3774	163
3774	632
3774	3134
3774	8827
3776	20
3776	5077
3777	283
3777	3561
3778	5947
3779	71
3779	89
3779	484
3781	6354
3781	7978
3782	5659
3783	322
3783	5317
3783	8217
3787	53
3787	2666
3788	4
3788	201
3788	665
3788	781
3788	5159
3788	7836
3788	8335
3789	658
3790	38
3790	2602
3790	3456
3790	6719
3791	397
3791	9140
3792	1437
3792	5979
3793	158
3793	258
3794	5624
3796	250
3796	1332
3798	783
3798	1289
3798	1427
3798	2034
3798	6919
3799	20
3799	3755
3800	625
3800	757
3802	1897
3805	6354
3807	8124
3808	2501
3808	3018
3808	3299
3809	456
3809	2226
3810	5258
3812	3052
3815	5099
3816	4111
3816	8469
3818	2789
3820	4547
3821	660
3821	1415
3825	783
3827	1338
3827	2647
3827	6730
3828	5491
3829	10
3829	49
3829	882
3830	742
3830	2515
3830	5868
3832	20
3832	1393
3832	2184
3833	2907
3833	3440
3834	78
3835	470
3835	4810
3836	1778
3836	5312
3837	40
3837	6446
3838	2500
3839	3633
3840	1591
3840	5325
3840	6378
3840	9703
3841	5367
3842	5948
3843	4228
3847	2974
3847	8912
3848	5101
3848	6408
3849	2051
3849	2800
3849	6357
3852	664
3852	1349
3857	3158
3858	417
3859	3060
3859	5937
3860	786
3862	1427
3866	3447
3866	6295
3868	1564
3868	3204
3868	7790
3869	5055
3870	1338
3870	7551
3870	9261
3871	947
3871	1963
3872	1133
3872	6196
3873	7813
3874	6533
3876	5080
3878	78
3879	156
3880	80
3881	1323
3887	2376
3888	629
3888	1918
3891	192
3894	589
3895	4161
3901	1752
3902	1454
3904	2736
3906	2348
3906	2848
3906	3887
3906	5077
3906	5078
3906	9621
3907	1581
3907	2521
3907	7032
3908	3752
3908	5449
3908	5480
3909	1935
3909	2501
3910	26
3910	2707
3910	3008
3910	9408
3911	44
3911	1435
3911	3144
3912	784
3912	1261
3912	9122
3913	2599
3913	8912
3915	105
3915	6582
3917	98
3921	111
3921	5200
3922	725
3923	234
3925	2587
3926	120
3926	2208
3926	3771
3926	5318
3927	317
3928	18
3928	26
3930	6277
3931	5803
3931	7896
3935	11
3935	2830
3935	4766
3936	860
3937	631
3941	4062
3942	627
3945	3486
3945	3909
3946	3634
3946	7579
3947	2513
3947	2599
3947	4091
3947	5001
3949	6494
3950	6619
3950	7842
3952	3215
3954	8920
3956	9062
3959	4084
3959	6456
3960	815
3960	3192
3964	6265
3967	279
3967	2619
3974	258
3974	752
3975	475
3982	1450
3984	3879
3984	5490
3984	6137
3985	2568
3985	7096
3986	1725
3986	6288
3987	8046
3989	2666
3990	4159
3993	905
3994	2695
3994	3301
3995	4346
4000	4452
4003	625
4008	2507
4013	7032
4015	2503
4023	2050
4030	352
4031	1417
4039	9
4043	2386
4047	31
4052	1719
4053	1282
4054	725
4056	8751
4062	25
4062	169
4062	1274
4062	1643
4062	2354
4062	5356
4062	5624
4063	7580
4064	244
4064	1015
4064	1303
4064	1625
4064	3956
4064	5046
4064	5850
4067	4101
4067	4389
4067	5312
4067	6348
4068	1617
4068	4073
4068	5283
4069	34
4070	1565
4071	321
4072	402
4072	6421
4073	2675
4073	6997
4074	1684
4075	432
4075	7541
4075	8308
4079	5005
4079	5162
4080	5631
4081	3804
4081	5478
4083	128
4084	625
4084	675
4086	141
4087	5159
4088	6703
4089	9307
4090	5053
4090	5629
4091	335
4091	2423
4096	1890
4098	8837
4099	3887
4101	81
4101	163
4101	628
4102	39
4102	92
4102	1321
4102	3946
4102	5494
4102	5635
4103	2636
4103	7706
4104	1613
4104	3154
4105	4162
4106	5005
4106	5494
4108	83
4108	3929
4111	1040
4111	5179
4111	5860
4113	7817
4114	1263
4118	730
4120	3
4120	274
4122	314
4123	1406
4123	3410
4123	4076
4128	2426
4133	1403
4134	704
4137	7568
4140	317
4140	666
4140	3010
4141	159
4141	1110
4141	4199
4141	6038
4141	7548
4142	1575
4143	1906
4144	1720
4145	410
4148	5983
4150	5186
4150	8166
4152	3171
4158	7501
4159	950
4159	6025
4167	156
4168	4324
4169	3327
4170	625
4170	1590
4170	1641
4170	7606
4171	5312
4179	16
4180	3300
4180	9278
4182	5649
4184	5331
4189	5098
4191	6894
4218	1165
4218	1252
4218	4726
4220	781
4222	177
4222	189
4222	9814
4223	80
4225	2656
4225	5078
4228	733
4228	1263
4230	3124
4230	8052
4231	958
4231	2739
4231	2923
4233	64
4233	5146
4235	2682
4241	399
4247	78
4247	128
4247	2208
4247	8147
4252	80
4252	6249
4257	4081
4257	7657
4258	5521
4262	2594
4263	2502
4266	980
4267	5058
4267	5508
4269	4296
4269	5536
4278	5827
4278	5862
4280	1002
4280	1484
4287	1968
4287	6797
4288	874
4296	628
4296	7308
4297	3206
4297	8597
4298	5016
4301	1574
4305	30
4324	3171
4330	6962
4335	9094
4346	1111
4346	2505
4349	3833
4374	288
4374	2861
4375	156
4375	2267
4376	365
4377	2505
4377	7192
4379	2
4379	2990
4383	5032
4383	5849
4384	951
4385	474
4385	2998
4385	3127
4386	139
4387	1577
4387	4733
4387	5317
4388	39
4388	92
4388	3688
4393	7389
4394	725
4394	1348
4395	319
4396	1035
4396	5161
4397	1254
4399	7207
4402	657
4402	6581
4404	782
4404	1231
4405	772
4405	5010
4405	8224
4406	1366
4407	6406
4408	21
4408	313
4408	727
4408	5663
4408	9235
4412	5351
4413	3615
4415	6876
4416	3917
4416	5332
4419	205
4420	800
4421	1436
4423	8442
4424	163
4424	8168
4426	431
4427	900
4429	7502
4434	2515
4438	315
4446	1725
4452	341
4453	674
4453	6267
4454	6467
4457	1391
4459	7815
4460	2643
4465	2587
4466	796
4471	5805
4472	6251
4473	1885
4473	2784
4474	2105
4475	234
4476	7584
4477	7988
4478	714
4479	3
4479	2519
4479	5160
4482	1917
4491	4067
4492	7775
4495	644
4495	1039
4502	3281
4506	1319
4521	2
4522	5133
4526	1258
4532	178
4532	5395
4534	201
4535	2519
4536	1959
4536	5318
4538	5029
4539	1413
4540	6
4540	2916
4542	1263
4543	5627
4545	99
4550	5290
4551	941
4551	2916
4554	1278
4561	7675
4566	5431
4567	354
4570	367
4570	1115
4585	7499
4609	2382
4609	7403
4610	9
4610	977
4611	11
4612	821
4614	56
4616	5663
4619	7499
4623	71
4628	9
4628	98
4629	6484
4630	7858
4648	1679
4648	3853
4650	2676
4650	4178
4654	4399
4663	4132
4673	3561
4687	274
4687	5066
4687	7187
4689	721
4689	1426
4695	1562
4697	6269
4697	7209
4698	596
4698	667
4698	969
4699	363
4700	3525
4700	5871
4704	667
4704	7521
4709	6202
4716	3986
4716	8293
4719	1894
4726	5959
4726	8205
4726	9082
4727	2509
4728	392
4728	1259
4729	742
4733	5077
4736	3153
4744	3292
4745	652
4747	3790
4765	5030
4766	1280
4766	2503
4769	7187
4770	625
4770	2543
4775	552
4776	243
4778	162
4785	8012
4794	10
4796	7039
4798	5829
4804	3563
4805	5942
4808	1319
4814	2588
4817	2521
4819	5077
4821	3204
4826	319
4827	473
4831	1018
4843	314
4844	998
4845	3989
4849	0
4851	2658
4853	207
4853	1445
4853	5274
4853	8754
4854	1313
4864	3788
4882	1718
4885	2968
4886	5014
4888	5117
4889	9529
4892	1962
4902	421
4903	303
4931	7898
4939	5014
4941	2868
4944	5318
4965	5000
4966	5234
4977	239
4986	2822
4999	4
4999	154
4999	235
4999	286
4999	314
4999	652
4999	710
4999	1740
4999	2812
4999	3314
4999	5004
4999	5077
4999	5088
4999	6216
4999	6259
4999	6718
4999	7627
4999	7678
4999	7760
5000	94
5000	656
5000	969
5000	3293
5000	4140
5000	5637
5000	7668
5000	7773
5001	239
5001	249
5001	317
5001	2499
5001	2546
5001	3598
5001	5102
5001	5390
5001	7504
5002	6
5002	276
5002	336
5002	644
5002	1045
5002	1191
5002	1289
5002	1407
5002	1891
5002	2503
5002	3132
5002	3247
5002	5552
5002	7658
5003	363
5003	4162
5003	6865
5004	169
5004	254
5004	298
5004	700
5004	837
5004	2534
5004	2898
5004	5019
5004	6254
5004	7812
5005	2969
5005	3449
5005	3681
5005	5351
5005	7540
5006	316
5006	596
5006	627
5006	2658
5006	8928
5007	0
5007	977
5007	1225
5007	2037
5007	3420
5008	676
5008	2538
5008	3848
5009	2
5009	40
5009	705
5009	937
5009	1595
5009	1877
5009	2824
5009	4798
5009	5209
5009	7914
5010	2
5010	39
5010	941
5010	1136
5010	3992
5010	4460
5010	5012
5010	7553
5011	992
5011	6271
5012	128
5012	2681
5012	7587
5012	9540
5013	1916
5014	1563
5014	2038
5014	3130
5014	3144
5014	5004
5014	7710
5015	234
5015	352
5015	685
5015	2367
5016	317
5016	861
5016	3995
5017	50
5019	20
5019	39
5019	40
5019	957
5019	1270
5019	1300
5019	1923
5019	2538
5019	3124
5019	3614
5019	3760
5019	3839
5019	5399
5019	5403
5019	5449
5019	5785
5019	7738
5020	1025
5020	1288
5020	1406
5020	2638
5020	8243
5021	712
5021	921
5021	1373
5021	2038
5021	3127
5021	3902
5021	4446
5022	80
5022	436
5022	626
5022	3002
5022	5664
5022	6093
5022	6641
5024	1338
5024	1905
5024	2593
5024	3526
5024	8929
5025	1924
5026	670
5026	763
5026	8876
5027	1061
5027	5318
5027	5960
5029	5
5029	322
5029	371
5029	2739
5029	9726
5030	20
5030	1210
5030	1376
5030	1877
5030	2519
5030	5278
5031	5162
5031	5745
5032	86
5032	278
5032	5801
5032	9614
5033	130
5033	1641
5033	2558
5033	3185
5034	5762
5038	275
5038	1330
5038	3856
5038	4541
5038	6578
5039	2344
5039	2754
5039	5010
5039	6271
5040	81
5040	1065
5040	1259
5040	4064
5040	4766
5040	5009
5040	5076
5040	5148
5041	4555
5041	4737
5041	5712
5042	1265
5042	5248
5043	1
5043	3
5043	966
5043	1514
5043	2619
5043	3127
5043	3577
5043	4639
5043	5702
5044	350
5044	687
5044	1545
5044	2314
5045	3931
5046	5048
5047	2825
5048	181
5048	1918
5048	3257
5048	3993
5048	5337
5048	5687
5048	7071
5049	4473
5051	5468
5051	5844
5051	7859
5051	8990
5052	5314
5053	158
5053	7685
5055	9711
5056	90
5058	664
5058	5032
5058	6352
5058	8163
5059	810
5059	2665
5059	4111
5061	1269
5061	7968
5063	21
5063	5322
5065	3124
5065	3251
5065	6050
5065	6916
5066	161
5068	55
5068	1118
5068	2603
5068	2671
5068	3515
5068	5181
5068	5953
5068	6536
5069	1373
5070	711
5070	1569
5070	5203
5073	237
5073	3340
5074	2031
5075	3136
5075	8174
5077	469
5077	627
5077	1611
5077	2658
5077	5127
5077	5746
5077	5942
5077	7513
5078	2539
5078	2588
5078	4257
5078	5624
5078	7112
5079	110
5079	417
5079	2619
5079	7861
5080	10
5080	81
5080	1887
5080	4584
5081	643
5081	1977
5082	1310
5082	5023
5082	5954
5082	7626
5082	7884
5082	9424
5083	3618
5083	8595
5083	8831
5084	2331
5084	2819
5084	4257
5084	9375
5085	20
5085	1066
5085	1529
5085	5317
5085	5860
5085	8987
5086	9094
5087	164
5087	549
5087	639
5087	725
5087	957
5087	1259
5088	265
5088	493
5088	2854
5088	3931
5088	5009
5088	5473
5088	6573
5089	41
5089	5765
5090	2968
5091	333
5091	5626
5092	20
5092	2820
5092	7354
5093	59
5096	1601
5096	3913
5097	686
5097	2421
5097	2812
5097	5787
5098	6044
5099	639
5099	3791
5099	5844
5100	1933
5101	1691
5102	394
5102	627
5102	962
5102	3215
5102	6563
5103	178
5104	123
5106	7524
5107	2278
5107	3438
5107	6262
5108	211
5109	8315
5109	8751
5110	3321
5110	5358
5110	6262
5113	840
5115	47
5115	1970
5116	31
5116	145
5116	786
5116	842
5116	6508
5117	3655
5117	5004
5118	189
5118	1504
5118	1723
5118	2715
5118	5034
5118	5156
5118	7500
5119	3207
5119	3674
5120	635
5120	1255
5120	5041
5121	8
5122	5019
5122	5700
5123	3184
5125	60
5125	2812
5127	80
5129	1086
5129	3885
5131	1534
5134	1288
5136	6279
5137	2519
5138	2964
5140	5162
5142	2009
5143	5535
5145	1492
5145	8365
5146	1584
5146	4193
5147	694
5147	1951
5147	3489
5148	2659
5151	1411
5151	8150
5156	83
5156	120
5156	374
5156	1249
5156	2433
5156	2516
5156	2833
5156	5002
5156	5024
5156	6113
5156	7067
5156	9511
5157	39
5157	8598
5158	1
5158	236
5158	2853
5158	5160
5158	5788
5159	73
5159	216
5159	377
5159	2832
5160	1543
5160	4698
5160	5009
5160	5414
5160	7897
5161	1216
5161	7804
5162	707
5162	3754
5162	5206
5162	7573
5164	2980
5165	48
5165	237
5165	730
5165	743
5165	1722
5165	2527
5165	2612
5165	5969
5166	4387
5166	6338
5167	2598
5168	664
5168	2706
5169	413
5170	1021
5170	2914
5170	3303
5171	4726
5171	6879
5171	7580
5174	950
5175	125
5175	1446
5175	2359
5175	5063
5176	64
5176	871
5176	1348
5176	6617
5177	628
5178	30
5178	5386
5178	9069
5180	318
5180	5693
5182	977
5184	1958
5185	31
5185	1642
5185	2050
5185	5513
5185	5657
5187	178
5187	6299
5189	6487
5190	697
5190	7538
5190	8840
5191	7659
5192	5346
5195	355
5195	2897
5195	6038
5196	14
5197	40
5197	1250
5198	11
5198	4164
5198	8655
5199	118
5200	938
5200	1266
5200	8222
5204	2530
5205	1921
5206	625
5206	4452
5207	45
5207	274
5207	8520
5208	315
5209	39
5209	763
5214	2773
5214	7502
5215	3771
5215	5024
5215	7052
5217	356
5218	5185
5220	3144
5222	3538
5224	445
5224	7553
5225	333
5226	6884
5227	5823
5229	7929
5229	8303
5231	5
5231	9418
5234	43
5234	957
5234	2266
5234	2685
5234	3752
5234	6860
5234	7012
5234	7553
5235	3169
5236	88
5236	465
5236	637
5236	1913
5236	4531
5236	4687
5237	631
5237	1637
5238	6338
5239	132
5239	639
5239	1071
5239	5023
5240	6334
5240	7992
5241	7538
5243	3461
5243	3462
5243	3915
5246	5534
5248	366
5250	6100
5253	6408
5253	7681
5254	27
5254	935
5254	6355
5254	6965
5256	94
5256	476
5259	139
5259	1596
5259	5895
5260	3996
5261	2988
5262	3052
5262	4062
5263	5117
5264	685
5266	4706
5268	957
5268	1879
5270	384
5270	3908
5273	957
5273	2680
5273	8451
5274	5666
5275	76
5275	1584
5275	4634
5276	1007
5276	2501
5276	2520
5278	28
5278	489
5278	3945
5279	11
5279	566
5279	626
5279	2512
5283	7695
5285	2540
5286	1251
5293	177
5293	7657
5294	685
5296	2383
5297	811
5302	2530
5302	7529
5304	7676
5306	3829
5307	6584
5308	2550
5312	119
5312	470
5312	505
5312	786
5312	817
5312	1343
5312	2520
5312	3803
5312	4383
5312	5107
5312	5820
5313	328
5313	368
5313	1437
5313	1710
5313	1887
5313	2046
5313	2330
5313	4106
5313	5027
5313	7510
5313	7512
5314	208
5314	363
5314	1425
5314	2067
5314	2109
5314	2731
5314	4695
5314	5651
5314	7519
5314	7950
5315	367
5315	1867
5315	5728
5317	13
5317	2540
5317	2665
5317	5646
5317	6270
5317	8144
5318	352
5318	2118
5319	0
5319	1752
5319	4922
5319	5898
5319	7505
5320	22
5320	2829
5320	6963
5321	6274
5322	708
5322	1450
5322	1641
5322	1920
5322	2407
5322	5478
5322	5653
5322	5706
5322	6601
5322	7345
5323	2193
5323	7118
5323	8984
5324	178
5324	703
5324	994
5324	5023
5324	8547
5325	2838
5325	5160
5326	2582
5326	2823
5327	3
5328	905
5328	1329
5328	6822
5329	7700
5331	6097
5331	6581
5332	1887
5332	2720
5332	5086
5333	2825
5333	3326
5333	3884
5333	6348
5334	582
5334	957
5334	1720
5334	5178
5337	6909
5337	7502
5338	357
5339	1250
5339	1723
5339	5060
5341	2578
5341	3790
5341	3839
5341	6252
5342	314
5342	958
5342	1254
5344	54
5344	7657
5346	1351
5347	1563
5347	6249
5347	7521
5348	6601
5349	6450
5350	381
5350	5184
5351	1327
5351	1445
5351	1641
5351	1897
5351	5162
5351	5681
5351	7531
5353	628
5353	983
5353	1796
5353	4852
5355	342
5356	164
5358	588
5358	1271
5358	4064
5358	5339
5361	82
5361	2684
5361	5102
5362	2722
5362	3870
5364	4488
5366	1835
5366	7665
5367	222
5370	400
5370	1288
5370	2521
5373	460
5373	2722
5373	5384
5378	1640
5378	2587
5378	5729
5379	2669
5380	9147
5381	6392
5382	5079
5382	7577
5384	82
5390	1433
5390	5513
5390	6321
5390	8046
5391	703
5391	1414
5391	3287
5391	5010
5391	6249
5391	6345
5392	114
5392	1155
5392	1465
5392	7524
5394	1318
5394	5637
5394	7501
5395	497
5395	639
5395	2773
5395	5856
5395	8136
5395	9824
5396	5312
5396	6397
5398	633
5398	1417
5398	5001
5400	120
5400	325
5400	687
5400	1446
5400	3129
5400	5579
5400	5588
5400	5783
5402	23
5402	2378
5405	8049
5407	2031
5407	5859
5407	6483
5407	9216
5409	1970
5409	2593
5409	4004
5411	688
5411	1269
5411	4610
5414	3251
5415	293
5416	6290
5417	2197
5417	2231
5419	225
5419	2516
5420	308
5429	0
5429	972
5429	2902
5430	159
5434	2194
5434	2613
5434	4542
5437	3833
5442	1911
5445	156
5445	5312
5449	417
5449	2499
5449	7685
5452	5098
5461	215
5461	1042
5468	286
5468	660
5468	2324
5468	2588
5468	3986
5468	4377
5468	4400
5468	6281
5469	533
5469	5878
5469	8159
5470	4062
5470	5806
5471	1527
5471	2505
5472	30
5472	1261
5472	1313
5473	4
5473	252
5473	883
5473	8124
5474	459
5474	7310
5475	83
5475	2668
5475	3682
5475	6368
5477	42
5478	616
5478	823
5478	1108
5478	1567
5478	2773
5478	5014
5478	7188
5479	1608
5479	2569
5480	488
5480	7013
5481	2396
5483	3232
5483	3323
5484	655
5485	78
5485	1450
5485	5474
5488	4
5488	158
5488	181
5488	196
5488	899
5488	2735
5488	3449
5488	8910
5489	41
5489	1728
5489	3077
5491	3520
5493	1280
5495	7530
5497	8873
5499	747
5499	1622
5504	59
5507	2020
5508	690
5508	2554
5508	7286
5510	7994
5511	1466
5513	3360
5514	5820
5518	1629
5519	743
5523	476
5528	3790
5529	156
5529	636
5530	3754
5533	2504
5535	247
5536	2695
5536	6843
5537	1991
5537	3162
5540	3867
5546	3063
5547	1260
5547	1298
5547	2739
5547	3526
5547	4103
5547	5986
5551	317
5551	566
5554	625
5556	1171
5556	3281
5557	2507
5557	6289
5557	9575
5558	54
5558	3481
5558	3926
5561	3241
5562	4339
5564	6252
5567	6874
5568	1184
5568	1272
5568	8874
5576	8554
5583	1269
5583	2391
5585	7793
5586	169
5588	33
5588	1327
5590	6257
5595	6570
5596	2831
5596	5001
5596	5202
5597	1249
5598	5054
5605	1019
5610	69
5610	990
5610	2219
5615	3135
5624	29
5624	1132
5624	1251
5624	1294
5624	2560
5624	3788
5624	5214
5624	6589
5624	8998
5625	630
5625	1875
5625	7514
5625	7798
5625	8755
5626	1428
5626	5937
5627	78
5627	535
5627	712
5627	1758
5627	8759
5628	786
5628	6576
5629	131
5629	1255
5629	1877
5629	3942
5629	8906
5630	11
5630	106
5630	244
5630	2602
5631	5976
5632	5
5632	537
5632	787
5632	920
5632	5013
5632	5158
5632	5640
5632	5702
5632	6711
5633	264
5633	6329
5633	9009
5634	804
5634	3036
5634	8829
5635	937
5635	1370
5635	1821
5635	3788
5635	3950
5636	69
5637	2676
5639	78
5639	6473
5640	2294
5640	3008
5640	3925
5640	5986
5641	2834
5642	1908
5643	2898
5644	570
5644	3413
5644	5088
5644	5123
5644	6328
5644	6965
5644	7227
5645	297
5645	6613
5646	50
5646	2595
5646	3102
5646	3750
5646	9494
5647	3788
5647	6249
5647	7929
5649	12
5649	167
5649	256
5649	4544
5652	261
5654	3204
5654	6661
5654	6719
5655	1999
5656	52
5658	567
5660	966
5663	11
5663	658
5663	705
5663	1366
5663	4360
5663	5942
5664	1362
5665	5762
5665	6255
5666	174
5666	5001
5666	5022
5666	5095
5666	5234
5667	781
5668	401
5668	945
5668	2499
5669	330
5669	960
5669	3146
5671	3467
5671	5086
5673	372
5673	3848
5675	3161
5675	5099
5675	5873
5677	626
5677	1253
5677	7310
5679	1272
5679	8169
5679	8941
5684	347
5685	7734
5686	2500
5688	665
5688	2504
5688	3130
5689	5819
5691	1563
5693	5129
5693	9532
5694	5433
5694	7590
5698	7700
5699	5328
5702	3906
5702	4689
5702	7577
5702	8754
5702	9318
5703	355
5703	2559
5703	2834
5705	117
5705	677
5705	2051
5705	3696
5706	1691
5706	5001
5707	1432
5707	6464
5709	971
5709	3856
5710	82
5710	2031
5710	5953
5710	7527
5712	5084
5712	9318
5714	2267
5715	69
5715	286
5715	6793
5716	1926
5717	5176
5718	47
5719	7385
5720	5645
5722	641
5722	961
5722	5429
5722	5688
5723	303
5723	391
5724	7554
5725	5314
5727	208
5727	1093
5730	2718
5731	5573
5732	627
5732	3758
5733	1454
5735	5079
5738	1
5741	30
5741	86
5742	8144
5742	8907
5743	64
5743	791
5743	2540
5744	1660
5746	391
5746	5737
5747	2129
5749	1573
5751	22
5751	65
5751	6410
5752	1367
5752	5000
5754	2659
5754	3913
5757	1732
5759	1796
5760	2897
5761	20
5761	2187
5761	2269
5761	3126
5761	3129
5762	88
5763	6299
5767	5477
5770	237
5773	747
5781	2
5781	78
5781	687
5781	5496
5781	6428
5782	1965
5782	5256
5782	9883
5783	3393
5783	9062
5784	391
5785	42
5785	2540
5785	5285
5786	1064
5788	567
5788	3935
5788	8301
5790	1048
5793	96
5795	1312
5796	2599
5796	3483
5798	9694
5799	496
5800	169
5800	6692
5804	5047
5805	5198
5806	1889
5807	442
5807	6416
5808	5186
5810	167
5811	1627
5814	2128
5814	2616
5814	2665
5815	1763
5816	2852
5817	4478
5820	5078
5820	6581
5820	6626
5820	7501
5821	3908
5822	9384
5823	1211
5823	1269
5825	4
5825	266
5825	3046
5829	5084
5830	757
5832	4089
5834	1582
5834	5090
5839	1259
5839	6190
5840	475
5842	10
5842	5231
5844	2588
5844	2836
5845	7507
5848	3558
5851	42
5853	822
5854	5
5854	4119
5859	7668
5861	184
5864	1794
5864	8757
5865	7050
5866	3990
5868	462
5868	2501
5869	4535
5869	5682
5870	1142
5870	2526
5873	184
5873	5821
5879	1421
5883	3203
5884	1059
5887	665
5889	689
5889	3209
5896	1754
5898	78
5898	1253
5898	8753
5899	84
5899	2858
5900	1797
5900	5004
5900	5524
5901	4416
5906	3820
5917	1337
5924	840
5937	1019
5937	1308
5937	1992
5937	2571
5937	5021
5937	7812
5937	8771
5938	4407
5939	245
5939	3495
5939	3864
5941	30
5942	1166
5942	2667
5944	705
5944	3868
5945	139
5945	3750
5947	166
5947	402
5947	469
5947	567
5947	880
5947	2541
5947	9399
5949	3081
5949	5585
5950	1342
5950	1681
5951	1196
5952	5004
5953	1099
5953	1584
5953	3088
5955	630
5955	2511
5956	1308
5956	2515
5956	3166
5956	4383
5958	2618
5958	5200
5959	4029
5959	9411
5960	8447
5961	8749
5964	1476
5966	1884
5968	1155
5969	1957
5969	7824
5970	2
5972	1347
5976	130
5976	313
5976	1251
5978	2636
5979	3292
5980	81
5980	2299
5981	5646
5981	5969
5982	7522
5983	263
5986	138
5986	1874
5991	17
5991	4903
5995	606
5997	1418
5999	2711
6003	5491
6005	1485
6009	1299
6009	1581
6017	5046
6018	22
6019	3088
6020	169
6020	1181
6022	2501
6025	950
6027	3731
6028	216
6030	2660
6030	3835
6034	5859
6035	3205
6037	952
6037	5102
6038	483
6038	1689
6040	205
6040	2520
6044	2762
6044	3341
6045	7955
6055	180
6055	1386
6059	41
6064	3832
6072	3047
6072	4378
6074	6890
6084	10
6093	1252
6094	371
6094	6254
6095	2592
6097	637
6100	6602
6103	1256
6114	1878
6115	2875
6120	314
6122	1746
6122	2403
6122	5048
6122	5637
6123	3757
6126	522
6132	400
6133	18
6133	158
6139	170
6139	5004
6140	2507
6141	7345
6142	4946
6152	2751
6155	9434
6161	6425
6163	177
6163	5215
6171	232
6171	2515
6172	1140
6174	361
6174	3125
6176	5337
6179	8381
6181	949
6183	5253
6186	5634
6191	664
6191	1371
6196	3281
6196	6498
6198	1430
6198	7812
6199	6590
6210	7950
6211	6254
6215	508
6215	705
6236	5644
6249	27
6249	1882
6249	1928
6249	2770
6249	5015
6249	6583
6249	6933
6250	508
6250	1096
6250	1117
6250	3508
6250	6252
6251	2558
6251	5337
6251	5707
6251	8906
6252	5
6252	322
6252	1371
6252	2038
6252	3281
6252	4999
6252	7053
6253	78
6253	321
6253	1962
6253	2539
6254	469
6254	1269
6254	2838
6254	3401
6254	5632
6254	5713
6255	84
6255	1352
6255	2934
6255	4999
6255	6258
6255	8832
6256	4063
6256	5440
6257	2519
6257	3903
6258	3857
6259	11
6259	99
6259	2838
6259	4316
6259	6410
6259	8270
6259	8779
6260	801
6260	3204
6260	3925
6260	5007
6260	6902
6261	5912
6261	7490
6264	644
6265	1576
6265	4205
6266	333
6266	3769
6269	32
6269	1445
6269	2134
6269	7910
6270	7739
6270	9000
6271	8
6271	348
6271	5920
6271	6973
6271	8253
6272	352
6272	938
6272	1267
6272	3938
6274	2518
6274	3110
6275	4394
6276	4180
6276	7881
6277	22
6277	782
6279	958
6279	7540
6280	3246
6280	3472
6280	5709
6283	6878
6284	6627
6286	4192
6287	2
6287	5038
6288	1181
6289	118
6290	202
6290	2194
6290	3288
6290	3769
6290	5152
6290	9385
6291	1387
6291	4208
6291	6601
6292	450
6293	3137
6293	3281
6293	7714
6295	901
6296	2
6298	42
6298	6044
6299	513
6299	1304
6299	2633
6299	9932
6301	1335
6301	2189
6301	6310
6303	5781
6305	2577
6306	24
6308	98
6308	567
6308	2895
6309	188
6309	5873
6310	3135
6310	5038
6311	638
6311	2265
6313	1413
6314	7958
6315	542
6318	872
6318	1258
6319	3322
6319	6354
6320	1252
6320	2512
6320	6489
6323	5473
6325	7531
6327	161
6327	353
6327	1093
6327	1645
6327	2627
6327	3182
6327	7499
6328	99
6328	117
6328	5512
6328	8752
6329	425
6329	2502
6329	2924
6329	5002
6329	5516
6330	939
6330	1364
6330	5117
6330	9532
6332	166
6332	777
6334	3
6334	381
6334	649
6335	4766
6337	330
6337	561
6337	1586
6337	2988
6337	3888
6337	5001
6337	6275
6338	2872
6340	399
6340	5020
6340	5235
6340	8764
6341	2982
6342	1699
6343	3749
6343	6330
6344	5041
6347	80
6347	1115
6347	3752
6347	5278
6349	79
6349	5085
6350	3007
6351	1416
6352	642
6352	3799
6352	7853
6353	4066
6353	7089
6354	2657
6354	5043
6357	217
6357	628
6358	2715
6360	1581
6360	2789
6363	119
6363	316
6363	2675
6365	5324
6366	671
6366	1007
6366	1264
6366	1272
6366	3530
6366	5632
6366	8463
6367	786
6369	20
6370	17
6370	6309
6371	646
6373	1933
6373	5088
6374	98
6374	2625
6376	8858
6377	821
6379	117
6379	1331
6379	1354
6381	8188
6382	647
6386	708
6387	5098
6388	626
6390	452
6392	4164
6393	1035
6396	316
6397	2767
6398	7519
6403	5240
6406	22
6406	37
6406	1234
6406	2836
6406	5092
6406	5695
6406	6761
6407	416
6407	968
6407	1055
6407	1409
6407	1913
6407	2851
6407	3476
6407	5102
6409	483
6410	635
6412	2559
6412	9706
6413	4844
6414	1714
6414	5042
6415	5031
6415	8642
6417	2675
6417	3783
6417	6932
6418	6275
6421	3257
6421	6423
6423	4430
6425	33
6426	2814
6426	5004
6429	6894
6430	391
6430	6064
6431	20
6431	5872
6432	6898
6432	7569
6435	8614
6437	380
6440	5358
6441	3124
6442	361
6445	822
6445	1271
6445	1763
6445	5001
6445	7583
6446	41
6446	5741
6447	1954
6450	814
6450	5159
6451	1330
6451	8531
6453	7704
6454	957
6454	2922
6454	3909
6456	3306
6458	625
6462	5666
6464	2507
6464	2607
6467	752
6469	475
6469	3489
6470	5254
6471	5234
6476	1410
6476	1799
6479	7505
6484	96
6484	342
6484	1329
6484	1937
6485	718
6485	937
6485	2990
6486	2505
6487	1954
6488	7343
6489	1334
6489	3593
6489	9887
6490	5634
6491	9928
6492	3926
6496	4550
6499	2577
6503	632
6503	792
6504	315
6507	3754
6508	521
6513	1250
6516	1062
6518	173
6518	1279
6518	1441
6523	3138
6524	2544
6526	2505
6528	5715
6528	6910
6535	49
6542	29
6542	6891
6543	8144
6545	1252
6545	5634
6546	6396
6558	666
6562	14
6562	91
6562	644
6562	5073
6562	8985
6563	7714
6564	80
6564	1330
6564	5596
6564	7552
6567	1718
6567	3359
6567	5626
6569	6108
6570	39
6570	824
6570	1102
6572	4533
6572	5951
6573	728
6576	676
6577	391
6577	669
6578	2559
6579	1896
6579	7645
6580	668
6581	4064
6583	625
6585	630
6586	6778
6587	34
6589	957
6592	1528
6592	2353
6596	248
6597	974
6597	5470
6599	5664
6601	1804
6601	1876
6601	4064
6601	5735
6603	598
6605	1301
6605	7205
6609	3124
6611	247
6611	6266
6616	3525
6619	7817
6622	3
6623	4
6630	170
6638	8750
6640	3749
6641	5086
6642	285
6643	1074
6645	3848
6645	9535
6646	6017
6648	3002
6650	8131
6655	1271
6656	1341
6657	393
6659	2191
6661	2295
6662	81
6663	860
6665	4866
6679	9453
6680	3281
6681	1411
6689	19
6693	5724
6694	3752
6699	1562
6700	2581
6701	442
6701	2755
6708	3886
6708	5734
6718	1108
6718	2656
6719	30
6720	3406
6721	3760
6722	7265
6725	7355
6728	30
6728	1669
6735	94
6738	558
6740	1334
6741	702
6742	5342
6743	3046
6744	2208
6750	217
6751	947
6757	2670
6760	3883
6761	3828
6762	3126
6767	1328
6769	80
6777	2682
6779	1254
6796	1106
6800	8241
6801	8124
6808	162
6809	1858
6811	1221
6816	5088
6821	1302
6821	7697
6821	8986
6834	2591
6836	5940
6837	1411
6838	8088
6840	4391
6852	3444
6868	3445
6869	5702
6871	964
6873	269
6874	1983
6874	5295
6874	7597
6875	5
6875	1093
6876	2187
6876	8126
6877	569
6877	644
6878	6309
6879	313
6879	1447
6879	5088
6880	2521
6880	2584
6881	1290
6882	1276
6882	6789
6884	20
6887	80
6887	669
6887	1126
6887	1280
6889	6790
6890	1878
6892	430
6893	184
6893	490
6894	320
6894	4537
6895	1877
6895	2884
6896	2553
6899	5
6900	8194
6901	127
6901	5005
6904	1567
6904	8195
6905	2623
6906	2685
6907	195
6907	2814
6907	8593
6908	629
6910	2499
6913	6426
6914	967
6915	1160
6915	5334
6916	8908
6921	5165
6922	6591
6923	8058
6924	2545
6926	2134
6929	2580
6933	1313
6937	5166
6938	334
6938	6435
6941	5284
6943	2525
6943	5628
6953	667
6954	452
6955	47
6955	6960
6956	8
6957	42
6957	3165
6957	7506
6959	5066
6960	30
6962	393
6965	631
6965	4697
6967	4843
6967	7885
6968	177
6969	3329
6970	5
6972	1644
6972	8908
6973	944
6974	2501
6975	280
6976	9145
6977	474
6978	1962
6980	238
6982	1841
6983	952
6985	5090
6987	5116
6994	0
6999	4531
7002	1918
7002	2013
7004	2585
7009	5317
7013	8203
7017	1347
7031	5095
7032	1888
7034	347
7035	1388
7035	2666
7040	2502
7043	1057
7046	1484
7048	7576
7051	5
7051	540
7051	9690
7053	1953
7054	9540
7056	5162
7059	657
7061	7499
7065	1511
7070	2765
7071	2599
7071	4531
7073	1253
7085	3487
7089	8750
7090	1412
7090	2501
7110	5864
7111	5470
7112	45
7114	974
7121	257
7121	787
7126	2502
7130	705
7131	2230
7132	7746
7133	7597
7137	91
7139	1414
7149	1907
7150	753
7162	5664
7166	2540
7169	6262
7187	8
7187	1957
7187	2519
7187	5059
7189	3241
7189	6279
7189	8196
7192	1036
7192	5643
7194	1327
7194	8207
7196	322
7197	2094
7197	3293
7197	6557
7198	7509
7200	81
7200	2619
7209	361
7219	4396
7226	6428
7228	4064
7229	1105
7238	392
7239	477
7247	5136
7250	1133
7255	977
7255	1879
7257	6879
7263	489
7265	911
7272	5198
7275	3836
7278	5245
7280	6127
7284	1484
7299	998
7300	5628
7304	646
7305	4376
7312	4784
7330	2822
7339	399
7344	2577
7348	6504
7349	889
7353	4756
7363	2657
7365	5316
7370	5333
7382	8718
7385	259
7387	5422
7391	5006
7394	2500
7408	6378
7421	5624
7422	805
7422	2506
7424	8556
7426	6030
7436	5022
7458	5273
7461	9990
7463	4112
7499	491
7499	515
7499	703
7499	787
7499	1108
7499	1874
7499	2847
7499	3205
7499	5474
7499	7502
7499	8051
7500	558
7500	2882
7500	3218
7501	478
7501	861
7501	1420
7501	1953
7501	2519
7501	5981
7502	64
7502	1329
7502	1752
7502	3368
7502	6273
7502	6569
7502	6572
7502	7671
7503	6331
7504	625
7504	627
7504	2672
7504	2922
7504	5806
7505	26
7505	1308
7505	6530
7505	7267
7505	8155
7507	549
7507	1446
7508	2560
7508	4218
7509	666
7509	957
7509	1328
7509	1641
7509	2385
7509	5470
7509	8674
7510	3771
7510	3779
7510	4393
7510	4744
7510	5675
7511	483
7511	1095
7511	6446
7512	1584
7512	1673
7512	4376
7512	6094
7512	8921
7513	315
7513	2908
7514	9690
7515	325
7516	374
7516	866
7516	2192
7516	3849
7517	177
7518	1526
7518	5400
7519	859
7519	1479
7519	2502
7519	2510
7519	2519
7519	2538
7519	3129
7519	3759
7519	4142
7519	5628
7519	8144
7520	472
7520	1528
7520	2509
7520	7992
7521	236
7521	625
7521	5436
7521	6722
7521	7679
7522	358
7522	3484
7522	5236
7524	87
7524	501
7524	688
7524	1516
7529	138
7529	391
7529	1258
7529	2516
7529	2717
7531	3762
7533	3107
7537	157
7537	1095
7538	4
7538	711
7538	1430
7538	1636
7538	5112
7538	9468
7539	2812
7540	73
7540	253
7541	1254
7541	3321
7541	5501
7542	2681
7542	8101
7543	313
7543	3281
7543	4391
7544	977
7544	1098
7544	1586
7544	8061
7545	1250
7546	3005
7547	5116
7549	163
7550	408
7551	161
7551	1522
7551	5179
7552	174
7552	3410
7552	5825
7553	8589
7554	4726
7558	2787
7558	5649
7559	8229
7560	4164
7563	8791
7566	1282
7568	5048
7573	841
7577	313
7577	1174
7577	1606
7577	5078
7577	6407
7577	9026
7578	78
7578	4614
7578	4847
7578	7782
7578	7853
7579	1806
7579	5312
7579	5400
7581	2507
7581	7519
7582	1943
7582	4689
7582	5351
7583	108
7584	2657
7585	648
7585	795
7585	2513
7585	2986
7585	2989
7585	9462
7587	88
7587	6294
7587	7695
7588	787
7588	6730
7588	8400
7593	5001
7597	2541
7598	899
7599	1312
7604	5000
7606	325
7607	857
7609	5
7609	2499
7609	8093
7612	2499
7615	1514
7617	31
7617	204
7618	3073
7618	5430
7619	5156
7620	963
7620	5156
7623	5624
7631	4455
7635	7695
7636	7021
7638	1027
7640	1257
7640	1334
7640	7580
7641	5669
7643	331
7644	5082
7646	1773
7646	2513
7648	1255
7656	6
7656	3752
7656	7209
7657	1437
7657	2504
7657	9072
7658	399
7658	983
7658	2892
7658	4424
7659	2373
7659	5644
7659	6843
7660	3053
7660	3126
7661	244
7661	1581
7661	1651
7661	5625
7662	86
7662	3345
7662	6710
7663	8132
7665	627
7665	1269
7665	5196
7667	411
7667	2587
7668	3281
7668	5030
7668	8193
7670	1835
7671	1281
7671	6338
7675	15
7675	1271
7675	5508
7676	247
7676	5718
7676	5953
7677	1261
7677	1640
7678	1038
7681	111
7681	284
7681	3785
7683	625
7685	274
7690	23
7691	2709
7691	4553
7693	664
7695	6360
7697	1425
7698	630
7704	7817
7705	7031
7706	5352
7707	1954
7709	771
7709	5879
7714	1841
7714	6159
7715	3163
7718	7969
7720	2198
7722	628
7724	234
7724	5470
7724	6298
7728	5419
7731	1133
7734	465
7734	1176
7734	1269
7734	5460
7735	138
7735	6020
7739	6066
7741	31
7742	7109
7743	2739
7744	278
7745	196
7746	220
7746	1102
7746	5093
7747	103
7753	3751
7755	42
7756	6210
7757	235
7759	1251
7763	3461
7763	6249
7766	6138
7768	1523
7773	3755
7774	1054
7776	156
7777	8877
7778	7651
7779	3848
7781	4
7789	937
7793	27
7797	4147
7812	2358
7812	2939
7812	3173
7812	4428
7812	5031
7813	5
7813	1878
7813	3447
7813	6894
7814	4086
7814	5060
7815	2504
7815	7814
7817	2707
7818	1934
7818	9258
7819	959
7820	1896
7823	627
7824	5
7825	8525
7826	1081
7826	2735
7831	1529
7831	1612
7831	5746
7835	2031
7836	98
7836	415
7836	1251
7841	361
7841	549
7841	977
7841	6269
7844	3174
7846	5314
7846	5352
7849	6504
7850	5080
7851	678
7851	5468
7851	5551
7851	6835
7852	693
7852	3652
7852	9026
7853	2050
7854	757
7856	31
7856	163
7856	8693
7858	1313
7858	2665
7861	8137
7862	5292
7863	6725
7865	120
7868	5317
7869	7563
7870	657
7875	5702
7876	3769
7878	4397
7881	5157
7890	6329
7890	8125
7891	2509
7892	2675
7893	5052
7893	7642
7895	156
7897	4221
7898	8397
7900	1735
7900	1802
7900	5490
7902	634
7906	710
7910	8758
7911	925
7912	725
7913	6308
7916	5534
7919	5236
7920	7930
7924	2521
7929	1959
7929	2848
7931	22
7931	7885
7934	6450
7935	6453
7939	1874
7939	3165
7944	2
7946	636
7950	3301
7953	118
7955	821
7968	4460
7969	5105
7972	2569
7973	39
7978	435
7978	5109
7979	946
7979	5136
7980	5468
7982	330
7984	5712
7987	2128
7988	7503
7991	176
7995	861
8000	5322
8002	3
8006	420
8010	9762
8012	681
8012	3984
8027	2245
8027	3235
8028	8633
8037	5508
8047	881
8047	7409
8049	98
8054	3764
8055	6407
8056	706
8060	2125
8061	9094
8063	533
8065	1345
8066	2
8068	1016
8071	27
8077	9374
8080	88
8085	2208
8100	8381
8107	2928
8111	2582
8124	958
8124	5637
8124	8830
8125	704
8125	4219
8126	20
8126	69
8126	283
8126	314
8126	2579
8126	5002
8126	5692
8126	6586
8127	12
8127	175
8127	703
8127	6970
8128	5315
8129	1
8129	2642
8129	2969
8129	4999
8132	98
8132	156
8135	1249
8135	6104
8137	2657
8137	8288
8138	5252
8139	2092
8140	0
8140	3810
8141	76
8144	198
8144	335
8144	430
8144	735
8144	2585
8144	2768
8144	6277
8146	1601
8146	8862
8147	2900
8154	4517
8154	7531
8155	391
8155	2187
8156	8055
8160	1741
8163	538
8163	1978
8163	4150
8164	9258
8165	3478
8165	5630
8166	9400
8168	2226
8168	3749
8169	5041
8172	5112
8173	636
8173	939
8177	5335
8179	223
8180	72
8181	1497
8185	24
8185	274
8186	8580
8198	1796
8202	588
8202	1640
8202	2559
8203	667
8203	1249
8203	8799
8204	202
8204	4562
8204	8910
8207	353
8209	1414
8209	4719
8211	44
8211	4956
8218	6249
8220	5064
8222	46
8222	2032
8222	2284
8222	2666
8223	701
8223	5009
8227	7265
8232	159
8232	214
8232	5624
8232	9377
8237	1093
8237	4507
8243	743
8246	680
8249	6406
8251	25
8251	115
8256	942
8257	506
8266	6408
8267	30
8275	5983
8276	7
8281	27
8281	788
8281	1266
8281	1298
8281	2499
8282	1542
8282	2516
8283	5019
8284	205
8284	2928
8284	6366
8287	81
8290	3151
8298	2890
8300	8503
8305	6579
8306	81
8312	1763
8312	3486
8315	1963
8315	5568
8317	8879
8320	338
8320	1567
8320	7585
8325	5627
8331	3158
8335	37
8335	2077
8338	625
8351	59
8359	2322
8360	391
8360	3165
8361	489
8361	2273
8361	2511
8364	5572
8384	7019
8395	944
8398	5014
8400	2502
8406	174
8413	7519
8422	8137
8424	1250
8425	5955
8430	2592
8437	510
8437	1251
8437	1335
8437	2162
8437	4296
8439	1963
8439	3257
8442	864
8442	6877
8443	633
8443	976
8447	167
8447	3760
8450	2384
8451	5351
8456	1534
8457	2544
8465	2874
8470	5397
8477	2947
8478	178
8478	1562
8479	3749
8480	3135
8481	673
8481	1766
8486	3134
8488	1143
8488	1657
8498	5663
8500	42
8501	6608
8511	6841
8515	2520
8516	13
8517	2906
8518	6264
8520	941
8520	1606
8520	2981
8521	6410
8528	827
8528	2755
8536	3769
8539	3124
8552	5237
8560	5312
8594	2501
8594	4067
8595	44
8598	5112
8599	708
8600	3755
8604	3913
8604	8283
8606	1097
8606	7197
8608	6249
8617	6179
8625	5185
8633	62
8633	4538
8635	639
8635	1647
8639	16
8640	313
8672	2036
8674	1913
8681	8866
8682	3126
8686	2036
8689	6016
8749	138
8749	1302
8749	1366
8749	6495
8750	688
8750	6485
8751	2814
8751	4491
8751	5981
8752	2306
8752	2577
8752	5167
8752	5175
8754	91
8754	667
8754	4245
8755	3166
8755	6019
8755	6328
8757	13
8758	1965
8758	3554
8762	313
8762	2551
8762	3908
8763	976
8771	2540
8773	1682
8773	2516
8776	1103
8779	5365
8780	39
8783	9717
8785	215
8786	7514
8788	756
8788	5239
8788	5605
8789	3061
8790	1410
8791	2728
8791	9717
8792	474
8792	1564
8792	3769
8794	7540
8798	5021
8799	844
8799	1249
8802	6249
8803	2505
8808	314
8808	5014
8809	516
8809	1966
8810	7122
8811	5632
8813	1269
8819	7900
8822	5480
8827	1259
8828	4423
8830	2615
8831	1506
8832	1641
8835	6376
8837	1887
8837	7517
8840	353
8840	3440
8843	2870
8847	119
8847	4275
8850	3988
8850	7539
8851	1605
8853	5157
8857	3869
8860	21
8861	1004
8866	3750
8869	2573
8874	7511
8876	2499
8877	5831
8884	2666
8893	5168
8894	7521
8895	6562
8896	628
8903	3284
8906	1362
8907	7134
8908	1572
8909	2543
8909	5344
8910	4064
8911	7678
8912	3554
8913	350
8913	360
8913	1995
8916	1191
8916	5406
8917	664
8918	1613
8918	5012
8920	2853
8924	3699
8925	669
8926	5992
8927	2513
8933	1154
8936	1104
8936	2621
8936	4102
8938	9204
8945	96
8945	2192
8945	5400
8950	2657
8952	1562
8968	3
8974	6291
8975	118
8976	2539
8984	781
8984	2817
8984	7109
8985	880
8986	5002
8987	5582
8989	2831
8991	4863
9003	3974
9004	234
9004	5019
9006	1890
9028	2366
9034	2612
9034	6554
9055	530
9062	88
9062	464
9064	356
9064	517
9066	2891
9067	1876
9069	361
9069	3329
9075	1459
9076	6489
9092	7503
9096	5495
9100	366
9101	203
9103	6954
9103	9208
9104	1490
9106	547
9125	5940
9131	5374
9132	654
9137	5274
9142	42
9142	6952
9159	786
9161	177
9161	625
9161	1465
9170	625
9180	1158
9186	2763
9192	4417
9194	2772
9218	1101
9219	331
9220	4379
9228	5452
9236	5549
9241	7552
9242	475
9257	8847
9264	7920
9269	362
9269	3439
9272	1340
9272	8296
9297	644
9297	2355
9299	5323
9300	2538
9307	2949
9309	157
9322	78
9322	1595
9327	7577
9335	6569
9336	4841
9372	206
9374	39
9374	215
9374	1513
9375	761
9375	905
9376	2954
9377	59
9377	741
9377	5025
9378	3753
9379	4294
9380	5801
9381	6884
9384	1119
9384	6290
9389	8527
9390	7499
9391	5002
9391	5793
9394	8774
9397	4116
9399	1472
9402	7111
9404	316
9404	1650
9405	491
9408	27
9415	650
9415	6016
9415	6562
9417	9130
9419	6262
9424	5012
9432	403
9433	2890
9433	7908
9435	33
9449	6738
9450	6021
9452	373
9452	3759
9454	1266
9455	1566
9455	5215
9455	7550
9459	550
9462	5376
9465	959
9466	1030
9469	5160
9471	20
9472	3559
9474	5214
9482	1257
9484	6300
9495	208
9501	386
9502	1148
9503	793
9507	322
9512	2203
9515	46
9522	1016
9531	8281
9532	7676
9533	4166
9534	940
9536	1250
9538	5917
9542	322
9543	3137
9546	1329
9551	2021
9551	3943
9554	180
9561	8281
9578	277
9583	1999
9585	43
9589	1099
9590	78
9590	791
9594	54
9595	1840
9601	1259
9609	8530
9609	9063
9617	1819
9623	1996
9640	9255
9649	474
9652	5007
9663	3404
9687	161
9688	2817
9691	2551
9695	3805
9695	5009
9695	5283
9698	3165
9700	2558
9702	3189
9706	21
9709	9239
9728	5644
9729	2836
9733	3175
9736	6484
9739	5784
9747	13
9750	7031
9755	6138
9757	2851
9765	947
9766	35
9769	197
9785	879
9786	1881
9794	556
9795	17
9816	4805
9817	9394
9830	548
9845	6489
9852	9381
9863	13
9867	94
9867	1772
9871	1251
9884	1025
9885	8232
9897	127
9921	1387
9922	3593
9922	5160
9936	1456
